1000 0.0001177775 
1100 0.0001252393 
1200 0.00013242995 
1300 0.00013937557 
1400 0.00014609759 
1500 0.00015261403 
1600 0.00015894017 
1700 0.00016508911 
1800 0.00017107223 
1900 0.00017689948 
2000 0.00018257966 
2100 0.00018812054 
2200 0.00019352911 
2300 0.00019881164 
2400 0.00020397379 
2500 0.00020902073 
2600 0.00021395714 
2700 0.00021878733 
2800 0.00022351528 
2900 0.00022814462 
3000 0.00023267877 
3100 0.00023712084 
3200 0.0002414738 
3300 0.00024574035 
3400 0.00024992306 
3500 0.00025402437 
3600 0.00025804652 
3700 0.00026199166 
3800 0.00026586177 
3900 0.00026965881 
4000 0.00027338453 
4100 0.0002770407 
4200 0.00028062894 
4300 0.0002841508 
4400 0.00028760775 
4500 0.00029100126 
4600 0.00029433263 
4700 0.0002976032 
4800 0.00030081419 
4900 0.00030396684 
5000 0.00030706226 
5100 0.00031010158 
5200 0.00031308585 
5300 0.00031601611 
5400 0.00031889335 
5500 0.00032171851 
5600 0.00032449255 
5700 0.00032721634 
5800 0.00032989075 
5900 0.00033251665 
6000 0.00033509481 
6100 0.00033762606 
6200 0.00034011115 
6300 0.0003425508 
6400 0.00034494576 
6500 0.00034729677 
6600 0.00034960444 
6700 0.0003518695 
6800 0.00035409257 
6900 0.00035627428 
7000 0.00035841527 
7100 0.00036051613 
7200 0.00036257747 
7300 0.00036459984 
7400 0.00036658382 
7500 0.00036852993 
7600 0.00037043873 
7700 0.00037231072 
7800 0.00037414648 
7900 0.00037594643 
8000 0.00037771111 
8100 0.00037944101 
8200 0.00038113658 
8300 0.00038279826 
8400 0.00038442656 
8500 0.00038602189 
8600 0.0003875847 
8700 0.00038911542 
8800 0.00039061444 
8900 0.00039208221 
9000 0.00039351912 
9100 0.00039492559 
9200 0.00039630197 
9300 0.00039764866 
9400 0.00039896608 
9500 0.00040025453 
9600 0.00040151444 
9700 0.00040274614 
9800 0.00040394996 
9900 0.00040512631 
10000 0.00040627547 
10100 0.00040739783 
10200 0.00040849368 
10300 0.00040956333 
10400 0.00041060717 
10500 0.00041162549 
10600 0.00041261857 
10700 0.00041358673 
10800 0.00041453031 
10900 0.00041544955 
11000 0.00041634479 
11100 0.0004172163 
11200 0.00041806439 
11300 0.00041888931 
11400 0.00041969135 
11500 0.00042047078 
11600 0.00042122789 
11700 0.0004219629 
11800 0.00042267615 
11900 0.00042336783 
12000 0.00042403821 
12100 0.00042468758 
12200 0.00042531616 
12300 0.00042592417 
12400 0.00042651192 
12500 0.00042707959 
12600 0.00042762744 
12700 0.0004281557 
12800 0.00042866461 
12900 0.0004291544 
13000 0.0004296253 
13100 0.00043007752 
13200 0.00043051125 
13300 0.00043092677 
13400 0.00043132424 
13500 0.0004317039 
13600 0.00043206595 
13700 0.00043241063 
13800 0.00043273807 
13900 0.00043304855 
14000 0.00043334224 
14100 0.00043361931 
14200 0.00043388002 
14300 0.00043412449 
14400 0.00043435296 
14500 0.00043456559 
14600 0.00043476259 
14700 0.00043494412 
14800 0.00043511039 
14900 0.00043526158 
15000 0.00043539781 
15100 0.00043551932 
15200 0.00043562628 
15300 0.00043571886 
15400 0.00043579718 
15500 0.00043586147 
15600 0.00043591185 
15700 0.00043594852 
15800 0.00043597163 
15900 0.00043598135 
16000 0.00043597782 
16100 0.00043596121 
16200 0.0004359317 
16300 0.00043588938 
16400 0.00043583446 
16500 0.00043576708 
16600 0.0004356874 
16700 0.00043559552 
16800 0.00043549165 
16900 0.00043537587 
17000 0.0004352484 
17100 0.00043510931 
17200 0.00043495875 
17300 0.00043479691 
17400 0.00043462391 
17500 0.00043443983 
17600 0.0004342449 
17700 0.00043403916 
17800 0.0004338228 
17900 0.00043359594 
18000 0.00043335868 
18100 0.00043311118 
18200 0.00043285356 
18300 0.00043258595 
18400 0.00043230847 
18500 0.00043202125 
18600 0.00043172436 
18700 0.00043141801 
18800 0.00043110223 
18900 0.00043077723 
19000 0.00043044303 
19100 0.00043009981 
19200 0.00042974768 
19300 0.00042938674 
19400 0.00042901709 
19500 0.00042863886 
19600 0.00042825215 
19700 0.00042785707 
19800 0.00042745375 
19900 0.00042704225 
20000 0.00042662275 
20100 0.00042619527 
20200 0.00042575996 
20300 0.00042531692 
20400 0.00042486622 
20500 0.000424408 
20600 0.00042394237 
20700 0.00042346938 
20800 0.00042298916 
20900 0.00042250182 
21000 0.0004220074 
21100 0.00042150606 
21200 0.00042099785 
21300 0.00042048289 
21400 0.00041996123 
21500 0.00041943302 
21600 0.0004188983 
21700 0.0004183572 
21800 0.00041780976 
21900 0.00041725612 
22000 0.00041669633 
22100 0.0004161305 
22200 0.00041555869 
22300 0.00041498104 
22400 0.00041439754 
22500 0.00041380836 
22600 0.00041321354 
22700 0.00041261315 
22800 0.0004120073 
22900 0.00041139606 
23000 0.0004107795 
23100 0.00041015769 
23200 0.00040953074 
23300 0.00040889869 
23400 0.00040826167 
23500 0.00040761969 
23600 0.00040697286 
23700 0.00040632123 
23800 0.0004056649 
23900 0.00040500393 
24000 0.00040433841 
24100 0.00040366838 
24200 0.0004029939 
24300 0.00040231511 
24400 0.00040163199 
24500 0.00040094467 
24600 0.00040025319 
24700 0.00039955761 
24800 0.00039885804 
24900 0.00039815449 
25000 0.00039744706 
25100 0.00039673579 
25200 0.00039602077 
25300 0.00039530205 
25400 0.00039457969 
25500 0.00039385376 
25600 0.0003931243 
25700 0.00039239138 
25800 0.00039165508 
25900 0.00039091543 
26000 0.0003901725 
26100 0.00038942636 
26200 0.00038867709 
26300 0.00038792467 
26400 0.00038716922 
26500 0.00038641077 
26600 0.00038564939 
26700 0.00038488512 
26800 0.00038411803 
26900 0.00038334818 
27000 0.00038257558 
27100 0.00038180032 
27200 0.00038102246 
27300 0.00038024201 
27400 0.00037945906 
27500 0.00037867366 
27600 0.00037788582 
27700 0.00037709562 
27800 0.00037630313 
27900 0.00037550836 
28000 0.00037471138 
28100 0.00037391222 
28200 0.00037311093 
28300 0.00037230758 
28400 0.00037150219 
28500 0.00037069482 
28600 0.0003698855 
28700 0.00036907429 
28800 0.00036826124 
28900 0.0003674464 
29000 0.00036662977 
29100 0.00036581143 
29200 0.0003649914 
29300 0.00036416974 
29400 0.00036334651 
29500 0.00036252171 
29600 0.00036169542 
29700 0.00036086765 
29800 0.00036003845 
29900 0.00035920786 
30000 0.0003583759 
30100 0.00035754265 
30200 0.00035670813 
30300 0.00035587235 
30400 0.00035503542 
30500 0.00035419728 
30600 0.00035335805 
30700 0.00035251773 
30800 0.00035167634 
30900 0.00035083396 
31000 0.00034999059 
31100 0.00034914628 
31200 0.00034830105 
31300 0.00034745497 
31400 0.00034660805 
31500 0.00034576029 
31600 0.00034491179 
31700 0.00034406254 
31800 0.00034321257 
31900 0.00034236192 
32000 0.00034151066 
32100 0.00034065876 
32200 0.00033980628 
32300 0.00033895328 
32400 0.00033809972 
32500 0.0003372457 
32600 0.00033639121 
32700 0.00033553629 
32800 0.00033468098 
32900 0.0003338253 
33000 0.00033296927 
33100 0.00033211292 
33200 0.00033125628 
33300 0.0003303994 
33400 0.00032954229 
33500 0.00032868495 
33600 0.00032782747 
33700 0.00032696984 
33800 0.00032611206 
33900 0.00032525419 
34000 0.00032439624 
34100 0.00032353826 
34200 0.00032268025 
34300 0.00032182227 
34400 0.00032096429 
34500 0.00032010637 
34600 0.00031924853 
34700 0.00031839081 
34800 0.00031753318 
34900 0.00031667572 
35000 0.00031581844 
35100 0.00031496133 
35200 0.00031410443 
35300 0.00031324779 
35400 0.00031239141 
35500 0.00031153532 
35600 0.00031067952 
35700 0.00030982404 
35800 0.00030896891 
35900 0.00030811416 
36000 0.00030725979 
36100 0.00030640583 
36200 0.00030555227 
36300 0.00030469918 
36400 0.00030384655 
36500 0.00030299442 
36600 0.00030214281 
36700 0.0003012917 
36800 0.00030044114 
36900 0.00029959113 
37000 0.00029874174 
37100 0.0002978929 
37200 0.00029704469 
37300 0.00029619713 
37400 0.00029535021 
37500 0.00029450399 
37600 0.00029365841 
37700 0.00029281355 
37800 0.00029196942 
37900 0.00029112602 
38000 0.00029028335 
38100 0.00028944146 
38200 0.00028860036 
38300 0.00028776008 
38400 0.00028692058 
38500 0.00028608192 
38600 0.00028524411 
38700 0.00028440717 
38800 0.00028357108 
38900 0.00028273588 
39000 0.00028190162 
39100 0.00028106823 
39200 0.00028023581 
39300 0.00027940431 
39400 0.00027857377 
39500 0.0002777442 
39600 0.00027691564 
39700 0.00027608805 
39800 0.0002752615 
39900 0.00027443594 
40000 0.00027361143 
40100 0.00027278796 
40200 0.00027196557 
40300 0.00027114424 
40400 0.000270324 
40500 0.00026950485 
40600 0.00026868682 
40700 0.00026786991 
40800 0.00026705413 
40900 0.00026623948 
41000 0.00026542597 
41100 0.00026461366 
41200 0.0002638025 
41300 0.00026299254 
41400 0.00026218375 
41500 0.0002613762 
41600 0.00026056982 
41700 0.0002597647 
41800 0.00025896082 
41900 0.00025815816 
42000 0.00025735676 
42100 0.00025655664 
42200 0.0002557578 
42300 0.00025496021 
42400 0.00025416393 
42500 0.00025336895 
42600 0.00025257526 
42700 0.00025178291 
42800 0.00025099187 
42900 0.00025020217 
43000 0.0002494138 
43100 0.00024862681 
43200 0.00024784115 
43300 0.00024705686 
43400 0.00024627394 
43500 0.00024549241 
43600 0.00024471228 
43700 0.00024393352 
43800 0.00024315617 
43900 0.00024238024 
44000 0.00024160571 
44100 0.00024083263 
44200 0.00024006095 
44300 0.00023929072 
44400 0.00023852193 
44500 0.00023775459 
44600 0.00023698871 
44700 0.0002362243 
44800 0.00023546134 
44900 0.00023469987 
45000 0.00023393986 
45100 0.00023318134 
45200 0.00023242433 
45300 0.0002316688 
45400 0.00023091478 
45500 0.00023016226 
45600 0.00022941126 
45700 0.00022866178 
45800 0.00022791381 
45900 0.00022716737 
46000 0.00022642247 
46100 0.0002256791 
46200 0.00022493729 
46300 0.00022419701 
46400 0.00022345828 
46500 0.00022272111 
46600 0.00022198551 
46700 0.00022125145 
46800 0.00022051898 
46900 0.00021978807 
47000 0.00021905874 
47100 0.00021833098 
47200 0.00021760481 
47300 0.00021688023 
47400 0.00021615723 
47500 0.00021543584 
47600 0.00021471604 
47700 0.00021399785 
47800 0.00021328125 
47900 0.00021256626 
48000 0.00021185288 
48100 0.00021114112 
48200 0.00021043097 
48300 0.00020972244 
48400 0.00020901552 
48500 0.00020831024 
48600 0.00020760659 
48700 0.00020690456 
48800 0.00020620416 
48900 0.00020550539 
49000 0.00020480827 
49100 0.00020411279 
49200 0.00020341894 
49300 0.00020272673 
49400 0.00020203619 
49500 0.00020134727 
49600 0.00020066001 
49700 0.00019997441 
49800 0.00019929044 
49900 0.00019860815 
50000 0.00019792751 
50100 0.00019724852 
50200 0.00019657119 
50300 0.00019589553 
50400 0.00019522151 
50500 0.00019454917 
50600 0.0001938785 
50700 0.00019320949 
50800 0.00019254214 
50900 0.00019187646 
51000 0.00019121246 
51100 0.00019055013 
51200 0.00018988946 
51300 0.00018923046 
51400 0.00018857315 
51500 0.0001879175 
51600 0.00018726352 
51700 0.00018661121 
51800 0.0001859606 
51900 0.00018531164 
52000 0.00018466437 
52100 0.00018401878 
52200 0.00018337487 
52300 0.00018273262 
52400 0.00018209206 
52500 0.00018145317 
52600 0.00018081596 
52700 0.00018018043 
52800 0.00017954658 
52900 0.00017891442 
53000 0.00017828391 
53100 0.00017765509 
53200 0.00017702796 
53300 0.00017640249 
53400 0.00017577871 
53500 0.0001751566 
53600 0.00017453618 
53700 0.00017391742 
53800 0.00017330034 
53900 0.00017268494 
54000 0.00017207122 
54100 0.00017145916 
54200 0.0001708488 
54300 0.00017024009 
54400 0.00016963306 
54500 0.0001690277 
54600 0.00016842401 
54700 0.000167822 
54800 0.00016722165 
54900 0.00016662298 
55000 0.00016602597 
55100 0.00016543063 
55200 0.00016483695 
55300 0.00016424494 
55400 0.00016365459 
55500 0.00016306591 
55600 0.00016247889 
55700 0.00016189353 
55800 0.00016130983 
55900 0.0001607278 
56000 0.00016014741 
56100 0.00015956868 
56200 0.00015899161 
56300 0.00015841619 
56400 0.00015784243 
56500 0.0001572703 
56600 0.00015669984 
56700 0.00015613102 
56800 0.00015556384 
56900 0.00015499831 
57000 0.00015443443 
57100 0.00015387218 
57200 0.00015331159 
57300 0.00015275262 
57400 0.00015219529 
57500 0.0001516396 
57600 0.00015108554 
57700 0.0001505331 
57800 0.0001499823 
57900 0.00014943314 
58000 0.00014888559 
58100 0.00014833966 
58200 0.00014779536 
58300 0.00014725268 
58400 0.00014671162 
58500 0.00014617217 
58600 0.00014563435 
58700 0.00014509812 
58800 0.00014456351 
58900 0.00014403052 
59000 0.00014349913 
59100 0.00014296934 
59200 0.00014244115 
59300 0.00014191456 
59400 0.00014138957 
59500 0.00014086618 
59600 0.00014034437 
59700 0.00013982416 
59800 0.00013930554 
59900 0.0001387885 
60000 0.00013827306 
60100 0.00013775918 
60200 0.00013724688 
60300 0.00013673617 
60400 0.00013622704 
60500 0.00013571947 
60600 0.00013521347 
60700 0.00013470904 
60800 0.00013420617 
60900 0.00013370487 
61000 0.00013320513 
61100 0.00013270695 
61200 0.00013221031 
61300 0.00013171523 
61400 0.00013122171 
61500 0.00013072972 
61600 0.00013023929 
61700 0.00012975039 
61800 0.00012926303 
61900 0.00012877722 
62000 0.00012829293 
62100 0.00012781018 
62200 0.00012732895 
62300 0.00012684925 
62400 0.00012637107 
62500 0.00012589442 
62600 0.00012541929 
62700 0.00012494567 
62800 0.00012447355 
62900 0.00012400295 
63000 0.00012353386 
63100 0.00012306627 
63200 0.00012260018 
63300 0.00012213559 
63400 0.00012167249 
63500 0.00012121089 
63600 0.00012075077 
63700 0.00012029215 
63800 0.00011983501 
63900 0.00011937934 
64000 0.00011892516 
64100 0.00011847245 
64200 0.00011802121 
64300 0.00011757145 
64400 0.00011712315 
64500 0.00011667631 
64600 0.00011623093 
64700 0.00011578701 
64800 0.00011534455 
64900 0.00011490353 
65000 0.00011446397 
65100 0.00011402585 
65200 0.00011358917 
65300 0.00011315393 
65400 0.00011272012 
65500 0.00011228776 
65600 0.00011185682 
65700 0.0001114273 
65800 0.00011099922 
65900 0.00011057255 
66000 0.0001101473 
66100 0.00010972346 
66200 0.00010930104 
66300 0.00010888003 
66400 0.00010846042 
66500 0.00010804221 
66600 0.0001076254 
66700 0.00010720999 
66800 0.00010679597 
66900 0.00010638334 
67000 0.0001059721 
67100 0.00010556224 
67200 0.00010515376 
67300 0.00010474666 
67400 0.00010434093 
67500 0.00010393657 
67600 0.00010353358 
67700 0.00010313196 
67800 0.00010273169 
67900 0.00010233278 
68000 0.00010193523 
68100 0.00010153903 
68200 0.00010114418 
68300 0.00010075067 
68400 0.0001003585 
68500 9.9967678E-05 
68600 9.9578181E-05 
68700 9.9190023E-05 
68800 9.8803197E-05 
68900 9.8417688E-05 
69000 9.803351E-05 
69100 9.7650642E-05 
69200 9.7269098E-05 
69300 9.6888863E-05 
69400 9.6509939E-05 
69500 9.6132324E-05 
69600 9.5756004E-05 
69700 9.5380987E-05 
69800 9.5007272E-05 
69900 9.4634845E-05 
70000 9.4263713E-05 
70100 9.3893861E-05 
70200 9.3525297E-05 
70300 9.3158007E-05 
70400 9.2792005E-05 
70500 9.2427268E-05 
70600 9.2063805E-05 
70700 9.1701608E-05 
70800 9.1340669E-05 
70900 9.0980997E-05 
71000 9.0622583E-05 
71100 9.0265421E-05 
71200 8.990951E-05 
71300 8.9554851E-05 
71400 8.9201429E-05 
71500 8.884925E-05 
71600 8.8498316E-05 
71700 8.8148612E-05 
71800 8.7800137E-05 
71900 8.7452885E-05 
72000 8.710687E-05 
72100 8.6762069E-05 
72200 8.6418484E-05 
72300 8.6076114E-05 
72400 8.5734959E-05 
72500 8.5395011E-05 
72600 8.5056272E-05 
72700 8.4718726E-05 
72800 8.4382387E-05 
72900 8.4047235E-05 
73000 8.3713283E-05 
73100 8.3380517E-05 
73200 8.3048937E-05 
73300 8.2718536E-05 
73400 8.2389313E-05 
73500 8.2061269E-05 
73600 8.1734397E-05 
73700 8.1408696E-05 
73800 8.1084159E-05 
73900 8.0760779E-05 
74000 8.0438571E-05 
74100 8.0117512E-05 
74200 7.9797603E-05 
74300 7.9478843E-05 
74400 7.9161233E-05 
74500 7.8844765E-05 
74600 7.852944E-05 
74700 7.8215249E-05 
74800 7.7902194E-05 
74900 7.7590266E-05 
75000 7.7279466E-05 
75100 7.6969787E-05 
75200 7.6661236E-05 
75300 7.6353797E-05 
75400 7.6047472E-05 
75500 7.574226E-05 
75600 7.5438154E-05 
75700 7.5135147E-05 
75800 7.4833253E-05 
75900 7.4532451E-05 
76000 7.4232739E-05 
76100 7.3934127E-05 
76200 7.3636598E-05 
76300 7.3340161E-05 
76400 7.3044801E-05 
76500 7.2750518E-05 
76600 7.2457311E-05 
76700 7.2165181E-05 
76800 7.1874121E-05 
76900 7.1584123E-05 
77000 7.1295188E-05 
77100 7.1007315E-05 
77200 7.0720496E-05 
77300 7.0434733E-05 
77400 7.0150025E-05 
77500 6.9866357E-05 
77600 6.9583737E-05 
77700 6.9302157E-05 
77800 6.9021611E-05 
77900 6.8742105E-05 
78000 6.8463632E-05 
78100 6.8186186E-05 
78200 6.7909765E-05 
78300 6.7634362E-05 
78400 6.7359979E-05 
78500 6.7086621E-05 
78600 6.6814267E-05 
78700 6.6542925E-05 
78800 6.6272594E-05 
78900 6.600326E-05 
79000 6.573493E-05 
79100 6.5467597E-05 
79200 6.520126E-05 
79300 6.4935914E-05 
79400 6.4671556E-05 
79500 6.4408181E-05 
79600 6.4145788E-05 
79700 6.3884378E-05 
79800 6.3623942E-05 
79900 6.3364481E-05 
80000 6.3105988E-05 
80100 6.2848463E-05 
80200 6.2591906E-05 
80300 6.2336308E-05 
80400 6.2081665E-05 
80500 6.1827974E-05 
80600 6.1575243E-05 
80700 6.1323459E-05 
80800 6.1072613E-05 
80900 6.082272E-05 
81000 6.0573762E-05 
81100 6.0325743E-05 
81200 6.0078659E-05 
81300 5.9832506E-05 
81400 5.9587277E-05 
81500 5.9342976E-05 
81600 5.9099599E-05 
81700 5.8857138E-05 
81800 5.8615598E-05 
81900 5.8374968E-05 
82000 5.8135247E-05 
82100 5.7896439E-05 
82200 5.765853E-05 
82300 5.7421526E-05 
82400 5.7185422E-05 
82500 5.6950212E-05 
82600 5.6715893E-05 
82700 5.6482466E-05 
82800 5.6249926E-05 
82900 5.6018274E-05 
83000 5.5787499E-05 
83100 5.5557604E-05 
83200 5.5328586E-05 
83300 5.5100441E-05 
83400 5.4873166E-05 
83500 5.4646756E-05 
83600 5.4421213E-05 
83700 5.4196531E-05 
83800 5.3972708E-05 
83900 5.374974E-05 
84000 5.3527623E-05 
84100 5.3306361E-05 
84200 5.3085943E-05 
84300 5.2866373E-05 
84400 5.2647643E-05 
84500 5.2429754E-05 
84600 5.2212697E-05 
84700 5.1996478E-05 
84800 5.1781088E-05 
84900 5.1566527E-05 
85000 5.1352788E-05 
85100 5.1139876E-05 
85200 5.0927782E-05 
85300 5.0716506E-05 
85400 5.0506042E-05 
85500 5.0296392E-05 
85600 5.008755E-05 
85700 4.9879516E-05 
85800 4.9672282E-05 
85900 4.9465852E-05 
86000 4.9260219E-05 
86100 4.9055383E-05 
86200 4.8851336E-05 
86300 4.8648082E-05 
86400 4.8445614E-05 
86500 4.8243932E-05 
86600 4.8043032E-05 
86700 4.784291E-05 
86800 4.7643567E-05 
86900 4.7444999E-05 
87000 4.7247198E-05 
87100 4.7050169E-05 
87200 4.6853907E-05 
87300 4.6658406E-05 
87400 4.6463669E-05 
87500 4.6269688E-05 
87600 4.6076464E-05 
87700 4.5883993E-05 
87800 4.5692275E-05 
87900 4.5501303E-05 
88000 4.5311077E-05 
88100 4.5121593E-05 
88200 4.4932851E-05 
88300 4.4744847E-05 
88400 4.4557575E-05 
88500 4.4371041E-05 
88600 4.4185235E-05 
88700 4.4000157E-05 
88800 4.3815802E-05 
88900 4.3632172E-05 
89000 4.3449261E-05 
89100 4.3267068E-05 
89200 4.3085591E-05 
89300 4.2904827E-05 
89400 4.2724772E-05 
89500 4.2545427E-05 
89600 4.2366784E-05 
89700 4.2188847E-05 
89800 4.2011608E-05 
89900 4.1835072E-05 
90000 4.1659227E-05 
90100 4.1484076E-05 
90200 4.1309613E-05 
90300 4.1135841E-05 
90400 4.0962757E-05 
90500 4.0790354E-05 
90600 4.0618634E-05 
90700 4.044759E-05 
90800 4.027722E-05 
90900 4.010753E-05 
91000 3.9938506E-05 
91100 3.9770155E-05 
91200 3.960247E-05 
91300 3.9435447E-05 
91400 3.9269089E-05 
91500 3.910339E-05 
91600 3.8938346E-05 
91700 3.877396E-05 
91800 3.8610226E-05 
91900 3.8447142E-05 
92000 3.8284707E-05 
92100 3.8122915E-05 
92200 3.7961767E-05 
92300 3.7801263E-05 
92400 3.7641395E-05 
92500 3.7482165E-05 
92600 3.7323571E-05 
92700 3.7165606E-05 
92800 3.7008271E-05 
92900 3.6851565E-05 
93000 3.6695485E-05 
93100 3.6540026E-05 
93200 3.6385187E-05 
93300 3.6230969E-05 
93400 3.6077367E-05 
93500 3.5924379E-05 
93600 3.5772002E-05 
93700 3.5620233E-05 
93800 3.5469075E-05 
93900 3.5318521E-05 
94000 3.516857E-05 
94100 3.501922E-05 
94200 3.4870467E-05 
94300 3.4722314E-05 
94400 3.4574754E-05 
94500 3.4427783E-05 
94600 3.4281406E-05 
94700 3.4135617E-05 
94800 3.3990415E-05 
94900 3.3845794E-05 
95000 3.3701752E-05 
95100 3.3558295E-05 
95200 3.341541E-05 
95300 3.3273103E-05 
95400 3.3131371E-05 
95500 3.2990207E-05 
95600 3.2849613E-05 
95700 3.2709588E-05 
95800 3.2570126E-05 
95900 3.2431228E-05 
96000 3.2292886E-05 
96100 3.2155109E-05 
96200 3.2017884E-05 
96300 3.1881216E-05 
96400 3.1745098E-05 
96500 3.1609532E-05 
96600 3.1474516E-05 
96700 3.1340045E-05 
96800 3.1206117E-05 
96900 3.1072734E-05 
97000 3.0939889E-05 
97100 3.0807583E-05 
97200 3.0675812E-05 
97300 3.0544579E-05 
97400 3.0413876E-05 
97500 3.0283703E-05 
97600 3.0154059E-05 
97700 3.0024941E-05 
97800 2.989635E-05 
97900 2.9768278E-05 
98000 2.9640729E-05 
98100 2.95137E-05 
98200 2.9387185E-05 
98300 2.9261186E-05 
98400 2.9135701E-05 
98500 2.9010725E-05 
98600 2.8886259E-05 
98700 2.8762301E-05 
98800 2.8638848E-05 
98900 2.8515899E-05 
99000 2.839345E-05 
99100 2.8271501E-05 
99200 2.8150051E-05 
99300 2.8029097E-05 
99400 2.7908636E-05 
99500 2.7788668E-05 
99600 2.766919E-05 
99700 2.7550201E-05 
99800 2.7431697E-05 
99900 2.7313681E-05 
100000 2.7196145E-05 
100100 2.7079092E-05 
100200 2.6962518E-05 
100300 2.6846423E-05 
100400 2.6730802E-05 
100500 2.6615655E-05 
100600 2.650098E-05 
100700 2.6386777E-05 
100800 2.6273043E-05 
100900 2.6159774E-05 
101000 2.6046971E-05 
101100 2.5934633E-05 
101200 2.5822754E-05 
101300 2.5711335E-05 
101400 2.5600375E-05 
101500 2.5489873E-05 
101600 2.5379824E-05 
101700 2.5270228E-05 
101800 2.5161084E-05 
101900 2.5052388E-05 
102000 2.494414E-05 
102100 2.4836339E-05 
102200 2.4728983E-05 
102300 2.4622068E-05 
102400 2.4515593E-05 
102500 2.4409561E-05 
102600 2.4303963E-05 
102700 2.4198804E-05 
102800 2.4094077E-05 
102900 2.3989784E-05 
103000 2.3885921E-05 
103100 2.3782488E-05 
103200 2.3679482E-05 
103300 2.3576904E-05 
103400 2.3474748E-05 
103500 2.3373017E-05 
103600 2.3271705E-05 
103700 2.3170815E-05 
103800 2.3070341E-05 
103900 2.2970284E-05 
104000 2.2870641E-05 
104100 2.2771412E-05 
104200 2.2672593E-05 
104300 2.2574186E-05 
104400 2.2476186E-05 
104500 2.2378594E-05 
104600 2.2281405E-05 
104700 2.2184622E-05 
104800 2.2088239E-05 
104900 2.1992259E-05 
105000 2.1896676E-05 
105100 2.1801492E-05 
105200 2.1706703E-05 
105300 2.1612308E-05 
105400 2.1518306E-05 
105500 2.1424696E-05 
105600 2.1331476E-05 
105700 2.1238644E-05 
105800 2.1146197E-05 
105900 2.1054138E-05 
106000 2.0962461E-05 
106100 2.0871168E-05 
106200 2.0780255E-05 
106300 2.068972E-05 
106400 2.0599566E-05 
106500 2.0509786E-05 
106600 2.0420381E-05 
106700 2.033135E-05 
106800 2.0242691E-05 
106900 2.0154403E-05 
107000 2.0066482E-05 
107100 1.997893E-05 
107200 1.9891744E-05 
107300 1.9804924E-05 
107400 1.9718465E-05 
107500 1.9632371E-05 
107600 1.9546636E-05 
107700 1.946126E-05 
107800 1.9376241E-05 
107900 1.929158E-05 
108000 1.9207273E-05 
108100 1.9123319E-05 
108200 1.9039717E-05 
108300 1.8956467E-05 
108400 1.8873565E-05 
108500 1.8791012E-05 
108600 1.8708806E-05 
108700 1.8626944E-05 
108800 1.8545426E-05 
108900 1.8464252E-05 
109000 1.8383418E-05 
109100 1.8302924E-05 
109200 1.8222769E-05 
109300 1.814295E-05 
109400 1.8063467E-05 
109500 1.7984319E-05 
109600 1.7905504E-05 
109700 1.7827022E-05 
109800 1.7748869E-05 
109900 1.7671047E-05 
110000 1.7593551E-05 
110100 1.7516384E-05 
110200 1.7439541E-05 
110300 1.7363021E-05 
110400 1.7286826E-05 
110500 1.721095E-05 
110600 1.7135397E-05 
110700 1.7060162E-05 
110800 1.6985243E-05 
110900 1.6910642E-05 
111000 1.6836355E-05 
111100 1.6762384E-05 
111200 1.6688724E-05 
111300 1.6615375E-05 
111400 1.6542337E-05 
111500 1.6469608E-05 
111600 1.6397187E-05 
111700 1.6325073E-05 
111800 1.6253263E-05 
111900 1.6181757E-05 
112000 1.6110554E-05 
112100 1.6039654E-05 
112200 1.5969053E-05 
112300 1.5898753E-05 
112400 1.5828749E-05 
112500 1.5759042E-05 
112600 1.5689631E-05 
112700 1.5620515E-05 
112800 1.5551694E-05 
112900 1.5483161E-05 
113000 1.5414922E-05 
113100 1.5346972E-05 
113200 1.5279311E-05 
113300 1.5211936E-05 
113400 1.5144848E-05 
113500 1.5078046E-05 
113600 1.5011527E-05 
113700 1.4945292E-05 
113800 1.4879338E-05 
113900 1.4813665E-05 
114000 1.4748271E-05 
114100 1.4683155E-05 
114200 1.4618317E-05 
114300 1.4553755E-05 
114400 1.4489468E-05 
114500 1.4425455E-05 
114600 1.4361714E-05 
114700 1.4298245E-05 
114800 1.4235047E-05 
114900 1.4172119E-05 
115000 1.4109459E-05 
115100 1.4047066E-05 
115200 1.398494E-05 
115300 1.3923078E-05 
115400 1.3861481E-05 
115500 1.3800146E-05 
115600 1.3739074E-05 
115700 1.3678263E-05 
115800 1.3617711E-05 
115900 1.3557418E-05 
116000 1.3497383E-05 
116100 1.3437605E-05 
116200 1.3378083E-05 
116300 1.3318815E-05 
116400 1.3259801E-05 
116500 1.3201039E-05 
116600 1.3142529E-05 
116700 1.3084269E-05 
116800 1.3026259E-05 
116900 1.2968497E-05 
117000 1.2910983E-05 
117100 1.2853715E-05 
117200 1.2796693E-05 
117300 1.2739915E-05 
117400 1.2683381E-05 
117500 1.2627089E-05 
117600 1.2571038E-05 
117700 1.2515229E-05 
117800 1.2459659E-05 
117900 1.2404327E-05 
118000 1.2349233E-05 
118100 1.2294376E-05 
118200 1.2239754E-05 
118300 1.2185366E-05 
118400 1.2131213E-05 
118500 1.2077293E-05 
118600 1.2023604E-05 
118700 1.1970146E-05 
118800 1.1916918E-05 
118900 1.1863919E-05 
119000 1.1811148E-05 
119100 1.1758604E-05 
119200 1.1706286E-05 
119300 1.1654194E-05 
119400 1.1602326E-05 
119500 1.1550682E-05 
119600 1.1499259E-05 
119700 1.1448059E-05 
119800 1.1397079E-05 
119900 1.1346319E-05 
120000 1.1295778E-05 
120100 1.1245455E-05 
120200 1.1195349E-05 
120300 1.1145458E-05 
120400 1.1095784E-05 
120500 1.1046323E-05 
120600 1.0997077E-05 
120700 1.0948042E-05 
120800 1.0899221E-05 
120900 1.0850609E-05 
121000 1.0802208E-05 
121100 1.0754015E-05 
121200 1.0706031E-05 
121300 1.0658256E-05 
121400 1.0610685E-05 
121500 1.0563322E-05 
121600 1.0516162E-05 
121700 1.0469207E-05 
121800 1.0422455E-05 
121900 1.0375905E-05 
122000 1.0329557E-05 
122100 1.028341E-05 
122200 1.0237462E-05 
122300 1.0191714E-05 
122400 1.0146164E-05 
122500 1.0100811E-05 
122600 1.0055654E-05 
122700 1.0010694E-05 
122800 9.9659283E-06 
122900 9.9213567E-06 
123000 9.8769788E-06 
123100 9.8327928E-06 
123200 9.7887987E-06 
123300 9.7449965E-06 
123400 9.7013835E-06 
123500 9.6579597E-06 
123600 9.6147251E-06 
123700 9.5716778E-06 
123800 9.5288178E-06 
123900 9.4861443E-06 
124000 9.4436564E-06 
124100 9.4013521E-06 
124200 9.3592325E-06 
124300 9.3172957E-06 
124400 9.2755417E-06 
124500 9.2339696E-06 
124600 9.1925776E-06 
124700 9.1513666E-06 
124800 9.1103338E-06 
124900 9.0694803E-06 
125000 9.0288049E-06 
125100 8.988306E-06 
125200 8.9479845E-06 
125300 8.9078376E-06 
125400 8.8678662E-06 
125500 8.8280694E-06 
125600 8.7884455E-06 
125700 8.7489943E-06 
125800 8.7097151E-06 
125900 8.6706077E-06 
126000 8.6316704E-06 
126100 8.5929032E-06 
126200 8.5543043E-06 
126300 8.5158754E-06 
126400 8.4776129E-06 
126500 8.4395178E-06 
126600 8.4015901E-06 
126700 8.363827E-06 
126800 8.3262294E-06 
126900 8.2887955E-06 
127000 8.2515253E-06 
127100 8.2144179E-06 
127200 8.1774733E-06 
127300 8.1406897E-06 
127400 8.1040671E-06 
127500 8.0676054E-06 
127600 8.0313021E-06 
127700 7.9951587E-06 
127800 7.9591728E-06 
127900 7.9233441E-06 
128000 7.8876728E-06 
128100 7.8521571E-06 
128200 7.8167977E-06 
128300 7.781593E-06 
128400 7.746542E-06 
128500 7.7116447E-06 
128600 7.6769011E-06 
128700 7.6423094E-06 
128800 7.6078686E-06 
128900 7.5735793E-06 
129000 7.5394405E-06 
129100 7.5054513E-06 
129200 7.4716113E-06 
129300 7.43792E-06 
129400 7.404376E-06 
129500 7.3709798E-06 
129600 7.3377296E-06 
129700 7.3046258E-06 
129800 7.2716671E-06 
129900 7.2388534E-06 
130000 7.2061839E-06 
130100 7.1736577E-06 
130200 7.1412746E-06 
130300 7.1090335E-06 
130400 7.0769343E-06 
130500 7.0449764E-06 
130600 7.0131587E-06 
130700 6.9814814E-06 
130800 6.9499429E-06 
130900 6.9185435E-06 
131000 6.8872819E-06 
131100 6.8561585E-06 
131200 6.8251716E-06 
131300 6.7943211E-06 
131400 6.7636065E-06 
131500 6.733027E-06 
131600 6.7025826E-06 
131700 6.6722719E-06 
131800 6.6420953E-06 
131900 6.612051E-06 
132000 6.5821396E-06 
132100 6.5523595E-06 
132200 6.5227114E-06 
132300 6.4931933E-06 
132400 6.4638061E-06 
132500 6.4345481E-06 
132600 6.4054193E-06 
132700 6.3764187E-06 
132800 6.3475463E-06 
132900 6.3188013E-06 
133000 6.2901831E-06 
133100 6.2616914E-06 
133200 6.2333256E-06 
133300 6.2050849E-06 
133400 6.1769692E-06 
133500 6.1489773E-06 
133600 6.1211094E-06 
133700 6.0933644E-06 
133800 6.0657421E-06 
133900 6.0382422E-06 
134000 6.0108637E-06 
134100 5.9836061E-06 
134200 5.9564691E-06 
134300 5.9294521E-06 
134400 5.9025547E-06 
134500 5.8757764E-06 
134600 5.8491169E-06 
134700 5.8225746E-06 
134800 5.7961502E-06 
134900 5.769843E-06 
135000 5.7436519E-06 
135100 5.7175771E-06 
135200 5.6916178E-06 
135300 5.6657732E-06 
135400 5.6400436E-06 
135500 5.6144277E-06 
135600 5.588925E-06 
135700 5.563536E-06 
135800 5.5382588E-06 
135900 5.5130945E-06 
136000 5.4880411E-06 
136100 5.4630991E-06 
136200 5.4382681E-06 
136300 5.4135467E-06 
136400 5.3889353E-06 
136500 5.364433E-06 
136600 5.3400395E-06 
136700 5.3157546E-06 
136800 5.2915771E-06 
136900 5.2675073E-06 
137000 5.2435439E-06 
137100 5.2196874E-06 
137200 5.1959369E-06 
137300 5.1722914E-06 
137400 5.1487514E-06 
137500 5.125316E-06 
137600 5.1019847E-06 
137700 5.0787571E-06 
137800 5.0556332E-06 
137900 5.0326116E-06 
138000 5.0096928E-06 
138100 4.9868754E-06 
138200 4.9641599E-06 
138300 4.9415457E-06 
138400 4.9190317E-06 
138500 4.8966181E-06 
138600 4.8743041E-06 
138700 4.8520897E-06 
138800 4.8299744E-06 
138900 4.8079573E-06 
139000 4.7860381E-06 
139100 4.7642166E-06 
139200 4.7424928E-06 
139300 4.7208655E-06 
139400 4.6993346E-06 
139500 4.6778996E-06 
139600 4.6565601E-06 
139700 4.6353157E-06 
139800 4.6141663E-06 
139900 4.593111E-06 
140000 4.5721495E-06 
140100 4.551282E-06 
140200 4.5305073E-06 
140300 4.5098254E-06 
140400 4.4892354E-06 
140500 4.4687376E-06 
140600 4.4483313E-06 
140700 4.4280164E-06 
140800 4.4077919E-06 
140900 4.387658E-06 
141000 4.3676137E-06 
141100 4.3476589E-06 
141200 4.3277937E-06 
141300 4.3080167E-06 
141400 4.2883285E-06 
141500 4.2687284E-06 
141600 4.2492156E-06 
141700 4.2297902E-06 
141800 4.2104516E-06 
141900 4.1911994E-06 
142000 4.1720332E-06 
142100 4.1529529E-06 
142200 4.1339581E-06 
142300 4.1150483E-06 
142400 4.0962227E-06 
142500 4.0774821E-06 
142600 4.0588247E-06 
142700 4.040251E-06 
142800 4.0217606E-06 
142900 4.0033533E-06 
143000 3.9850279E-06 
143100 3.9667848E-06 
143200 3.9486235E-06 
143300 3.9305432E-06 
143400 3.9125443E-06 
143500 3.8946259E-06 
143600 3.876788E-06 
143700 3.8590301E-06 
143800 3.8413518E-06 
143900 3.8237526E-06 
144000 3.8062324E-06 
144100 3.7887905E-06 
144200 3.7714271E-06 
144300 3.7541417E-06 
144400 3.7369339E-06 
144500 3.7198031E-06 
144600 3.7027492E-06 
144700 3.6857721E-06 
144800 3.6688709E-06 
144900 3.6520457E-06 
145000 3.635296E-06 
145100 3.6186218E-06 
145200 3.6020222E-06 
145300 3.5854973E-06 
145400 3.5690466E-06 
145500 3.5526698E-06 
145600 3.5363666E-06 
145700 3.5201367E-06 
145800 3.5039798E-06 
145900 3.4878956E-06 
146000 3.4718835E-06 
146100 3.4559434E-06 
146200 3.4400753E-06 
146300 3.4242782E-06 
146400 3.4085524E-06 
146500 3.3928973E-06 
146600 3.3773126E-06 
146700 3.361798E-06 
146800 3.3463534E-06 
146900 3.3309782E-06 
147000 3.3156723E-06 
147100 3.3004351E-06 
147200 3.2852668E-06 
147300 3.2701666E-06 
147400 3.2551345E-06 
147500 3.2401701E-06 
147600 3.2252731E-06 
147700 3.2104431E-06 
147800 3.1956802E-06 
147900 3.1809836E-06 
148000 3.1663533E-06 
148100 3.1517891E-06 
148200 3.1372904E-06 
148300 3.1228572E-06 
148400 3.108489E-06 
148500 3.0941856E-06 
148600 3.0799467E-06 
148700 3.065772E-06 
148800 3.0516615E-06 
148900 3.0376145E-06 
149000 3.0236308E-06 
149100 3.0097103E-06 
149200 2.9958528E-06 
149300 2.9820576E-06 
149400 2.9683249E-06 
149500 2.9546541E-06 
149600 2.9410448E-06 
149700 2.9274975E-06 
149800 2.914011E-06 
149900 2.9005855E-06 
150000 2.8872207E-06 
150100 2.8739162E-06 
150200 2.8606721E-06 
150300 2.8474876E-06 
150400 2.8343627E-06 
150500 2.8212974E-06 
150600 2.8082909E-06 
150700 2.7953433E-06 
150800 2.7824542E-06 
150900 2.7696235E-06 
151000 2.7568508E-06 
151100 2.7441358E-06 
151200 2.7314784E-06 
151300 2.7188785E-06 
151400 2.7063352E-06 
151500 2.693849E-06 
151600 2.6814191E-06 
151700 2.6690457E-06 
151800 2.6567282E-06 
151900 2.6444666E-06 
152000 2.6322602E-06 
152100 2.6201094E-06 
152200 2.6080136E-06 
152300 2.5959725E-06 
152400 2.5839861E-06 
152500 2.5720537E-06 
152600 2.5601757E-06 
152700 2.5483514E-06 
152800 2.5365807E-06 
152900 2.5248635E-06 
153000 2.5131992E-06 
153100 2.5015879E-06 
153200 2.4900294E-06 
153300 2.4785231E-06 
153400 2.4670692E-06 
153500 2.4556671E-06 
153600 2.4443168E-06 
153700 2.4330179E-06 
153800 2.4217704E-06 
153900 2.4105739E-06 
154000 2.3994282E-06 
154100 2.3883331E-06 
154200 2.3772884E-06 
154300 2.3662938E-06 
154400 2.3553491E-06 
154500 2.3444543E-06 
154600 2.3336088E-06 
154700 2.3228126E-06 
154800 2.3120656E-06 
154900 2.3013672E-06 
155000 2.2907175E-06 
155100 2.2801164E-06 
155200 2.2695633E-06 
155300 2.259058E-06 
155400 2.2486006E-06 
155500 2.238191E-06 
155600 2.2278284E-06 
155700 2.2175129E-06 
155800 2.2072445E-06 
155900 2.1970229E-06 
156000 2.1868475E-06 
156100 2.1767187E-06 
156200 2.1666358E-06 
156300 2.1565988E-06 
156400 2.1466074E-06 
156500 2.1366616E-06 
156600 2.126761E-06 
156700 2.1169055E-06 
156800 2.107095E-06 
156900 2.0973291E-06 
157000 2.0876075E-06 
157100 2.0779303E-06 
157200 2.0682971E-06 
157300 2.0587079E-06 
157400 2.0491625E-06 
157500 2.0396603E-06 
157600 2.0302016E-06 
157700 2.020786E-06 
157800 2.0114132E-06 
157900 2.0020832E-06 
158000 1.9927957E-06 
158100 1.9835506E-06 
158200 1.9743477E-06 
158300 1.9651866E-06 
158400 1.9560673E-06 
158500 1.9469896E-06 
158600 1.9379536E-06 
158700 1.9289585E-06 
158800 1.9200045E-06 
158900 1.9110914E-06 
159000 1.902219E-06 
159100 1.893387E-06 
159200 1.8845953E-06 
159300 1.8758439E-06 
159400 1.8671323E-06 
159500 1.8584606E-06 
159600 1.8498283E-06 
159700 1.8412356E-06 
159800 1.8326821E-06 
159900 1.8241676E-06 
160000 1.8156921E-06 
160100 1.8072552E-06 
160200 1.7988569E-06 
160300 1.7904971E-06 
160400 1.7821754E-06 
160500 1.7738918E-06 
160600 1.7656459E-06 
160700 1.7574379E-06 
160800 1.7492672E-06 
160900 1.741134E-06 
161000 1.7330379E-06 
161100 1.724979E-06 
161200 1.7169568E-06 
161300 1.7089714E-06 
161400 1.7010225E-06 
161500 1.6931099E-06 
161600 1.6852335E-06 
161700 1.6773932E-06 
161800 1.6695888E-06 
161900 1.6618201E-06 
162000 1.654087E-06 
162100 1.6463891E-06 
162200 1.6387266E-06 
162300 1.6310993E-06 
162400 1.6235067E-06 
162500 1.615949E-06 
162600 1.6084259E-06 
162700 1.6009373E-06 
162800 1.5934829E-06 
162900 1.5860627E-06 
163000 1.5786765E-06 
163100 1.5713241E-06 
163200 1.5640054E-06 
163300 1.5567203E-06 
163400 1.5494686E-06 
163500 1.5422501E-06 
163600 1.5350647E-06 
163700 1.5279122E-06 
163800 1.5207926E-06 
163900 1.5137056E-06 
164000 1.5066511E-06 
164100 1.4996289E-06 
164200 1.4926389E-06 
164300 1.4856811E-06 
164400 1.4787552E-06 
164500 1.471861E-06 
164600 1.4649984E-06 
164700 1.4581674E-06 
164800 1.4513677E-06 
164900 1.4445992E-06 
165000 1.4378618E-06 
165100 1.4311553E-06 
165200 1.4244796E-06 
165300 1.4178346E-06 
165400 1.4112201E-06 
165500 1.404636E-06 
165600 1.3980821E-06 
165700 1.3915583E-06 
165800 1.3850645E-06 
165900 1.3786005E-06 
166000 1.3721661E-06 
166100 1.3657615E-06 
166200 1.3593861E-06 
166300 1.3530401E-06 
166400 1.3467234E-06 
166500 1.3404356E-06 
166600 1.3341768E-06 
166700 1.3279466E-06 
166800 1.3217452E-06 
166900 1.3155723E-06 
167000 1.3094277E-06 
167100 1.3033115E-06 
167200 1.2972233E-06 
167300 1.2911632E-06 
167400 1.285131E-06 
167500 1.2791265E-06 
167600 1.2731497E-06 
167700 1.2672003E-06 
167800 1.2612783E-06 
167900 1.2553836E-06 
168000 1.249516E-06 
168100 1.2436755E-06 
168200 1.2378617E-06 
168300 1.2320749E-06 
168400 1.2263146E-06 
168500 1.2205809E-06 
168600 1.2148736E-06 
168700 1.2091925E-06 
168800 1.2035376E-06 
168900 1.1979089E-06 
169000 1.1923059E-06 
169100 1.1867289E-06 
169200 1.1811776E-06 
169300 1.1756517E-06 
169400 1.1701514E-06 
169500 1.1646765E-06 
169600 1.1592268E-06 
169700 1.1538023E-06 
169800 1.1484026E-06 
169900 1.1430279E-06 
170000 1.1376781E-06 
170100 1.1323528E-06 
170200 1.1270522E-06 
170300 1.121776E-06 
170400 1.1165241E-06 
170500 1.1112965E-06 
170600 1.106093E-06 
170700 1.1009134E-06 
170800 1.0957579E-06 
170900 1.090626E-06 
171000 1.0855179E-06 
171100 1.0804333E-06 
171200 1.0753723E-06 
171300 1.0703346E-06 
171400 1.0653201E-06 
171500 1.0603288E-06 
171600 1.0553606E-06 
171700 1.0504153E-06 
171800 1.0454928E-06 
171900 1.0405931E-06 
172000 1.0357161E-06 
172100 1.0308614E-06 
172200 1.0260294E-06 
172300 1.0212195E-06 
172400 1.016432E-06 
172500 1.0116665E-06 
172600 1.0069231E-06 
172700 1.0022017E-06 
172800 9.9750196E-07 
172900 9.9282397E-07 
173000 9.881677E-07 
173100 9.8353291E-07 
173200 9.7891962E-07 
173300 9.7432758E-07 
173400 9.697568E-07 
173500 9.6520716E-07 
173600 9.6067856E-07 
173700 9.5617088E-07 
173800 9.5168417E-07 
173900 9.4721815E-07 
174000 9.4277277E-07 
174100 9.3834797E-07 
174200 9.3394368E-07 
174300 9.2955975E-07 
174400 9.251961E-07 
174500 9.208527E-07 
174600 9.1652936E-07 
174700 9.1222608E-07 
174800 9.0794271E-07 
174900 9.0367917E-07 
175000 8.9943535E-07 
175100 8.9521126E-07 
175200 8.9100666E-07 
175300 8.8682157E-07 
175400 8.8265585E-07 
175500 8.7850947E-07 
175600 8.7438224E-07 
175700 8.7027416E-07 
175800 8.6618513E-07 
175900 8.6211509E-07 
176000 8.5806386E-07 
176100 8.5403144E-07 
176200 8.5001767E-07 
176300 8.4602254E-07 
176400 8.4204595E-07 
176500 8.3808777E-07 
176600 8.3414795E-07 
176700 8.3022638E-07 
176800 8.26323E-07 
176900 8.2243776E-07 
177000 8.1857053E-07 
177100 8.1472126E-07 
177200 8.1088979E-07 
177300 8.0707616E-07 
177400 8.0328022E-07 
177500 7.9950183E-07 
177600 7.9574107E-07 
177700 7.9199771E-07 
177800 7.8827173E-07 
177900 7.8456304E-07 
178000 7.8087157E-07 
178100 7.7719727E-07 
178200 7.7353997E-07 
178300 7.6989971E-07 
178400 7.6627634E-07 
178500 7.626698E-07 
178600 7.5907997E-07 
178700 7.5550685E-07 
178800 7.5195032E-07 
178900 7.4841034E-07 
179000 7.4488679E-07 
179100 7.4137961E-07 
179200 7.3788868E-07 
179300 7.3441402E-07 
179400 7.3095549E-07 
179500 7.2751305E-07 
179600 7.2408665E-07 
179700 7.2067616E-07 
179800 7.1728147E-07 
179900 7.1390258E-07 
180000 7.1053944E-07 
180100 7.0719193E-07 
180200 7.0385994E-07 
180300 7.0054352E-07 
180400 6.9724246E-07 
180500 6.9395679E-07 
180600 6.9068636E-07 
180700 6.8743122E-07 
180800 6.8419115E-07 
180900 6.809662E-07 
181000 6.7775625E-07 
181100 6.7456125E-07 
181200 6.7138109E-07 
181300 6.6821576E-07 
181400 6.6506516E-07 
181500 6.6192922E-07 
181600 6.5880783E-07 
181700 6.5570106E-07 
181800 6.5260866E-07 
181900 6.4953076E-07 
182000 6.4646713E-07 
182100 6.4341776E-07 
182200 6.4038261E-07 
182300 6.3736161E-07 
182400 6.3435471E-07 
182500 6.3136173E-07 
182600 6.2838279E-07 
182700 6.2541767E-07 
182800 6.2246636E-07 
182900 6.1952886E-07 
183000 6.1660501E-07 
183100 6.1369479E-07 
183200 6.1079811E-07 
183300 6.0791496E-07 
183400 6.0504527E-07 
183500 6.0218895E-07 
183600 5.9934592E-07 
183700 5.9651614E-07 
183800 5.9369955E-07 
183900 5.9089615E-07 
184000 5.8810576E-07 
184100 5.8532845E-07 
184200 5.8256404E-07 
184300 5.7981254E-07 
184400 5.7707393E-07 
184500 5.7434801E-07 
184600 5.7163487E-07 
184700 5.6893435E-07 
184800 5.6624646E-07 
184900 5.6357112E-07 
185000 5.6090823E-07 
185100 5.582578E-07 
185200 5.5561975E-07 
185300 5.5299398E-07 
185400 5.5038049E-07 
185500 5.4777917E-07 
185600 5.4519001E-07 
185700 5.4261295E-07 
185800 5.4004795E-07 
185900 5.3749488E-07 
186000 5.3495376E-07 
186100 5.3242451E-07 
186200 5.2990708E-07 
186300 5.2740137E-07 
186400 5.2490742E-07 
186500 5.2242513E-07 
186600 5.1995437E-07 
186700 5.1749521E-07 
186800 5.1504753E-07 
186900 5.1261128E-07 
187000 5.101864E-07 
187100 5.0777288E-07 
187200 5.0537062E-07 
187300 5.0297962E-07 
187400 5.0059981E-07 
187500 4.9823109E-07 
187600 4.9587345E-07 
187700 4.9352684E-07 
187800 4.911912E-07 
187900 4.8886648E-07 
188000 4.8655266E-07 
188100 4.8424965E-07 
188200 4.8195739E-07 
188300 4.7967586E-07 
188400 4.7740502E-07 
188500 4.7514482E-07 
188600 4.7289515E-07 
188700 4.7065603E-07 
188800 4.684274E-07 
188900 4.6620917E-07 
189000 4.6400135E-07 
189100 4.6180386E-07 
189200 4.5961664E-07 
189300 4.5743968E-07 
189400 4.552729E-07 
189500 4.5311626E-07 
189600 4.5096974E-07 
189700 4.4883325E-07 
189800 4.4670676E-07 
189900 4.4459023E-07 
190000 4.4248364E-07 
190100 4.4038688E-07 
190200 4.3829996E-07 
190300 4.3622282E-07 
190400 4.341554E-07 
190500 4.3209769E-07 
190600 4.300496E-07 
190700 4.2801111E-07 
190800 4.2598217E-07 
190900 4.2396275E-07 
191000 4.2195279E-07 
191100 4.1995224E-07 
191200 4.1796108E-07 
191300 4.1597923E-07 
191400 4.1400671E-07 
191500 4.1204339E-07 
191600 4.1008931E-07 
191700 4.0814439E-07 
191800 4.0620858E-07 
191900 4.0428185E-07 
192000 4.0236415E-07 
192100 4.0045546E-07 
192200 3.9855573E-07 
192300 3.9666489E-07 
192400 3.9478292E-07 
192500 3.9290978E-07 
192600 3.9104543E-07 
192700 3.8918984E-07 
192800 3.8734294E-07 
192900 3.8550471E-07 
193000 3.8367511E-07 
193100 3.8185411E-07 
193200 3.8004163E-07 
193300 3.7823767E-07 
193400 3.7644219E-07 
193500 3.7465512E-07 
193600 3.7287646E-07 
193700 3.7110613E-07 
193800 3.6934412E-07 
193900 3.6759039E-07 
194000 3.658449E-07 
194100 3.6410759E-07 
194200 3.6237844E-07 
194300 3.6065742E-07 
194400 3.5894448E-07 
194500 3.572396E-07 
194600 3.5554271E-07 
194700 3.5385381E-07 
194800 3.5217283E-07 
194900 3.5049976E-07 
195000 3.4883453E-07 
195100 3.4717715E-07 
195200 3.4552755E-07 
195300 3.4388572E-07 
195400 3.4225158E-07 
195500 3.4062512E-07 
195600 3.3900633E-07 
195700 3.3739514E-07 
195800 3.3579153E-07 
195900 3.3419545E-07 
196000 3.3260687E-07 
196100 3.3102577E-07 
196200 3.2945209E-07 
196300 3.2788583E-07 
196400 3.2632693E-07 
196500 3.2477536E-07 
196600 3.2323109E-07 
196700 3.216941E-07 
196800 3.201643E-07 
196900 3.1864175E-07 
197000 3.1712634E-07 
197100 3.1561805E-07 
197200 3.1411685E-07 
197300 3.1262275E-07 
197400 3.1113564E-07 
197500 3.0965555E-07 
197600 3.0818242E-07 
197700 3.0671623E-07 
197800 3.0525695E-07 
197900 3.0380454E-07 
198000 3.0235896E-07 
198100 3.0092016E-07 
198200 2.9948816E-07 
198300 2.980629E-07 
198400 2.9664437E-07 
198500 2.952325E-07 
198600 2.9382727E-07 
198700 2.9242869E-07 
198800 2.9103668E-07 
198900 2.8965121E-07 
199000 2.882723E-07 
199100 2.8689988E-07 
199200 2.855339E-07 
199300 2.8417438E-07 
199400 2.8282125E-07 
199500 2.8147451E-07 
199600 2.8013412E-07 
199700 2.7880003E-07 
199800 2.7747222E-07 
199900 2.761507E-07 
200000 2.7483537E-07 
