1000 0.00012027229 
1100 0.00012798137 
1200 0.00013541176 
1300 0.00014258893 
1400 0.00014953397 
1500 0.00015626449 
1600 0.00016279548 
1700 0.00016913984 
1800 0.00017530876 
1900 0.00018131206 
2000 0.00018715841 
2100 0.00019285554 
2200 0.00019841037 
2300 0.00020382917 
2400 0.00020911756 
2500 0.00021428072 
2600 0.00021932338 
2700 0.00022424986 
2800 0.00022906419 
2900 0.00023377004 
3000 0.00023837091 
3100 0.00024287 
3200 0.00024727028 
3300 0.00025157462 
3400 0.00025578565 
3500 0.00025990588 
3600 0.00026393763 
3700 0.00026788321 
3800 0.00027174465 
3900 0.00027552401 
4000 0.00027922323 
4100 0.00028284406 
4200 0.00028638833 
4300 0.00028985768 
4400 0.00029325369 
4500 0.0002965779 
4600 0.00029983179 
4700 0.0003030168 
4800 0.00030613426 
4900 0.00030918547 
5000 0.00031217176 
5100 0.00031509431 
5200 0.00031795431 
5300 0.00032075291 
5400 0.00032349123 
5500 0.00032617032 
5600 0.00032879124 
5700 0.00033135503 
5800 0.00033386261 
5900 0.00033631499 
6000 0.00033871309 
6100 0.00034105778 
6200 0.00034335 
6300 0.00034559055 
6400 0.00034778033 
6500 0.0003499201 
6600 0.00035201071 
6700 0.00035405287 
6800 0.00035604741 
6900 0.00035799504 
7000 0.00035989651 
7100 0.00036175249 
7200 0.00036356371 
7300 0.00036533084 
7400 0.00036705454 
7500 0.00036873546 
7600 0.00037037427 
7700 0.0003719716 
7800 0.00037352802 
7900 0.00037504415 
8000 0.00037652062 
8100 0.00037795794 
8200 0.00037935676 
8300 0.0003807176 
8400 0.00038204098 
8500 0.00038332751 
8600 0.00038457767 
8700 0.00038579197 
8800 0.00038697099 
8900 0.00038811515 
9000 0.00038922502 
9100 0.00039030105 
9200 0.0003913437 
9300 0.00039235348 
9400 0.00039333085 
9500 0.00039427626 
9600 0.00039519015 
9700 0.00039607298 
9800 0.00039692517 
9900 0.00039774715 
10000 0.00039853933 
10100 0.00039930217 
10200 0.00040003605 
10300 0.00040074138 
10400 0.00040141857 
10500 0.00040206799 
10600 0.00040269003 
10700 0.00040328508 
10800 0.00040385351 
10900 0.00040439572 
11000 0.00040491202 
11100 0.00040540282 
11200 0.00040586846 
11300 0.00040630926 
11400 0.00040672562 
11500 0.00040711783 
11600 0.00040748625 
11700 0.00040783125 
11800 0.00040815308 
11900 0.00040845212 
12000 0.00040872867 
12100 0.00040898303 
12200 0.00040921554 
12300 0.00040942649 
12400 0.00040961619 
12500 0.00040978493 
12600 0.00040993301 
12700 0.00041006072 
12800 0.00041016834 
12900 0.00041025615 
13000 0.00041032446 
13100 0.00041037353 
13200 0.00041040362 
13300 0.000410415 
13400 0.00041040796 
13500 0.00041038272 
13600 0.00041033959 
13700 0.00041027879 
13800 0.00041020062 
13900 0.00041010528 
14000 0.00040999302 
14100 0.00040986409 
14200 0.00040971875 
14300 0.00040955725 
14400 0.00040937978 
14500 0.00040918658 
14600 0.00040897794 
14700 0.00040875401 
14800 0.00040851504 
14900 0.00040826129 
15000 0.00040799289 
15100 0.00040771015 
15200 0.00040741323 
15300 0.00040710237 
15400 0.00040677778 
15500 0.00040643962 
15600 0.00040608813 
15700 0.00040572349 
15800 0.00040534593 
15900 0.00040495564 
16000 0.00040455279 
16100 0.00040413759 
16200 0.0004037102 
16300 0.00040327088 
16400 0.00040281974 
16500 0.00040235699 
16600 0.00040188283 
16700 0.00040139738 
16800 0.0004009009 
16900 0.0004003935 
17000 0.00039987537 
17100 0.0003993467 
17200 0.00039880764 
17300 0.00039825836 
17400 0.00039769901 
17500 0.00039712977 
17600 0.00039655081 
17700 0.00039596227 
17800 0.0003953643 
17900 0.00039475708 
18000 0.00039414075 
18100 0.00039351545 
18200 0.00039288137 
18300 0.00039223861 
18400 0.00039158735 
18500 0.00039092771 
18600 0.00039025987 
18700 0.00038958393 
18800 0.00038890005 
18900 0.00038820834 
19000 0.000387509 
19100 0.0003868021 
19200 0.00038608781 
19300 0.00038536626 
19400 0.00038463756 
19500 0.00038390188 
19600 0.00038315926 
19700 0.00038240993 
19800 0.00038165395 
19900 0.00038089146 
20000 0.0003801226 
20100 0.00037934745 
20200 0.00037856618 
20300 0.00037777884 
20400 0.00037698561 
20500 0.00037618657 
20600 0.00037538185 
20700 0.00037457157 
20800 0.00037375579 
20900 0.00037293465 
21000 0.0003721083 
21100 0.00037127678 
21200 0.00037044025 
21300 0.00036959877 
21400 0.00036875246 
21500 0.0003679014 
21600 0.00036704575 
21700 0.00036618556 
21800 0.00036532094 
21900 0.00036445202 
22000 0.00036357882 
22100 0.00036270151 
22200 0.00036182013 
22300 0.00036093482 
22400 0.00036004564 
22500 0.00035915268 
22600 0.00035825602 
22700 0.00035735581 
22800 0.00035645204 
22900 0.00035554491 
23000 0.00035463439 
23100 0.00035372065 
23200 0.00035280373 
23300 0.00035188373 
23400 0.0003509607 
23500 0.00035003477 
23600 0.00034910601 
23700 0.00034817445 
23800 0.00034724022 
23900 0.00034630336 
24000 0.00034536395 
24100 0.00034442212 
24200 0.00034347788 
24300 0.0003425313 
24400 0.00034158249 
24500 0.00034063152 
24600 0.00033967843 
24700 0.0003387233 
24800 0.00033776622 
24900 0.00033680722 
25000 0.00033584642 
25100 0.00033488381 
25200 0.00033391954 
25300 0.00033295361 
25400 0.00033198611 
25500 0.0003310171 
25600 0.00033004663 
25700 0.00032907477 
25800 0.0003281016 
25900 0.00032712717 
26000 0.00032615152 
26100 0.00032517471 
26200 0.00032419682 
26300 0.00032321789 
26400 0.00032223796 
26500 0.00032125713 
26600 0.0003202754 
26700 0.00031929289 
26800 0.00031830958 
26900 0.00031732558 
27000 0.00031634091 
27100 0.00031535563 
27200 0.00031436983 
27300 0.00031338347 
27400 0.00031239667 
27500 0.00031140947 
27600 0.00031042189 
27700 0.00030943402 
27800 0.00030844586 
27900 0.00030745746 
28000 0.00030646892 
28100 0.00030548024 
28200 0.00030449146 
28300 0.00030350263 
28400 0.0003025138 
28500 0.00030152503 
28600 0.00030053634 
28700 0.00029954774 
28800 0.00029855935 
28900 0.00029757115 
29000 0.0002965832 
29100 0.0002955955 
29200 0.00029460815 
29300 0.00029362118 
29400 0.00029263456 
29500 0.00029164841 
29600 0.00029066275 
29700 0.00028967755 
29800 0.00028869294 
29900 0.00028770888 
30000 0.00028672544 
30100 0.00028574266 
30200 0.00028476055 
30300 0.00028377914 
30400 0.00028279849 
30500 0.00028181862 
30600 0.00028083957 
30700 0.00027986136 
30800 0.00027888399 
30900 0.00027790756 
31000 0.00027693206 
31100 0.00027595751 
31200 0.00027498396 
31300 0.00027401143 
31400 0.00027303994 
31500 0.00027206953 
31600 0.00027110023 
31700 0.00027013203 
31800 0.00026916503 
31900 0.00026819919 
32000 0.00026723457 
32100 0.00026627118 
32200 0.00026530903 
32300 0.0002643482 
32400 0.00026338865 
32500 0.00026243043 
32600 0.00026147359 
32700 0.00026051811 
32800 0.00025956403 
32900 0.00025861137 
33000 0.00025766017 
33100 0.00025671045 
33200 0.00025576219 
33300 0.00025481544 
33400 0.00025387024 
33500 0.00025292658 
33600 0.00025198449 
33700 0.000251044 
33800 0.00025010508 
33900 0.00024916782 
34000 0.00024823222 
34100 0.00024729825 
34200 0.00024636599 
34300 0.00024543543 
34400 0.00024450655 
34500 0.00024357944 
34600 0.00024265407 
34700 0.00024173048 
34800 0.00024080867 
34900 0.00023988866 
35000 0.00023897046 
35100 0.0002380541 
35200 0.00023713958 
35300 0.00023622692 
35400 0.00023531614 
35500 0.00023440724 
35600 0.00023350026 
35700 0.00023259519 
35800 0.00023169204 
35900 0.00023079086 
36000 0.00022989162 
36100 0.00022899435 
36200 0.00022809906 
36300 0.00022720578 
36400 0.00022631449 
36500 0.00022542522 
36600 0.00022453799 
36700 0.00022365278 
36800 0.00022276964 
36900 0.00022188855 
37000 0.00022100954 
37100 0.00022013261 
37200 0.00021925778 
37300 0.00021838504 
37400 0.00021751443 
37500 0.00021664593 
37600 0.00021577957 
37700 0.00021491534 
37800 0.00021405326 
37900 0.00021319334 
38000 0.00021233558 
38100 0.00021148 
38200 0.0002106266 
38300 0.0002097754 
38400 0.00020892639 
38500 0.00020807958 
38600 0.00020723499 
38700 0.00020639261 
38800 0.00020555245 
38900 0.00020471454 
39000 0.00020387885 
39100 0.00020304542 
39200 0.00020221424 
39300 0.00020138531 
39400 0.00020055864 
39500 0.00019973425 
39600 0.00019891212 
39700 0.00019809228 
39800 0.00019727471 
39900 0.00019645944 
40000 0.00019564645 
40100 0.00019483578 
40200 0.00019402739 
40300 0.00019322132 
40400 0.00019241756 
40500 0.00019161611 
40600 0.00019081699 
40700 0.00019002018 
40800 0.0001892257 
40900 0.00018843355 
41000 0.00018764373 
41100 0.00018685624 
41200 0.00018607109 
41300 0.00018528829 
41400 0.00018450782 
41500 0.0001837297 
41600 0.00018295394 
41700 0.00018218052 
41800 0.00018140946 
41900 0.00018064075 
42000 0.00017987439 
42100 0.0001791104 
42200 0.00017834877 
42300 0.00017758949 
42400 0.00017683259 
42500 0.00017607804 
42600 0.00017532585 
42700 0.00017457605 
42800 0.00017382861 
42900 0.00017308352 
43000 0.00017234082 
43100 0.00017160048 
43200 0.00017086251 
43300 0.00017012692 
43400 0.00016939369 
43500 0.00016866284 
43600 0.00016793434 
43700 0.00016720823 
43800 0.00016648449 
43900 0.00016576312 
44000 0.00016504411 
44100 0.00016432747 
44200 0.00016361322 
44300 0.00016290131 
44400 0.00016219179 
44500 0.00016148463 
44600 0.00016077983 
44700 0.00016007741 
44800 0.00015937735 
44900 0.00015867964 
45000 0.00015798431 
45100 0.00015729133 
45200 0.0001566007 
45300 0.00015591244 
45400 0.00015522653 
45500 0.00015454298 
45600 0.00015386178 
45700 0.00015318293 
45800 0.00015250643 
45900 0.00015183228 
46000 0.00015116046 
46100 0.000150491 
46200 0.00014982389 
46300 0.0001491591 
46400 0.00014849665 
46500 0.00014783653 
46600 0.00014717874 
46700 0.00014652329 
46800 0.00014587016 
46900 0.00014521935 
47000 0.00014457086 
47100 0.0001439247 
47200 0.00014328083 
47300 0.0001426393 
47400 0.00014200006 
47500 0.00014136314 
47600 0.00014072852 
47700 0.00014009621 
47800 0.00013946618 
47900 0.00013883844 
48000 0.000138213 
48100 0.00013758986 
48200 0.00013696899 
48300 0.0001363504 
48400 0.00013573408 
48500 0.00013512003 
48600 0.00013450827 
48700 0.00013389876 
48800 0.00013329151 
48900 0.00013268653 
49000 0.00013208381 
49100 0.00013148332 
49200 0.00013088509 
49300 0.0001302891 
49400 0.00012969536 
49500 0.00012910384 
49600 0.00012851456 
49700 0.0001279275 
49800 0.00012734266 
49900 0.00012676005 
50000 0.00012617964 
50100 0.00012560145 
50200 0.00012502546 
50300 0.00012445168 
50400 0.00012388008 
50500 0.00012331069 
50600 0.00012274347 
50700 0.00012217845 
50800 0.0001216156 
50900 0.00012105493 
51000 0.00012049643 
51100 0.00011994009 
51200 0.00011938591 
51300 0.00011883389 
51400 0.00011828402 
51500 0.0001177363 
51600 0.00011719072 
51700 0.00011664727 
51800 0.00011610596 
51900 0.00011556678 
52000 0.00011502971 
52100 0.00011449477 
52200 0.00011396193 
52300 0.00011343121 
52400 0.00011290258 
52500 0.00011237606 
52600 0.00011185163 
52700 0.00011132928 
52800 0.00011080902 
52900 0.00011029084 
53000 0.00010977472 
53100 0.00010926068 
53200 0.00010874869 
53300 0.00010823876 
53400 0.00010773089 
53500 0.00010722506 
53600 0.00010672127 
53700 0.00010621952 
53800 0.0001057198 
53900 0.0001052221 
54000 0.00010472642 
54100 0.00010423276 
54200 0.00010374111 
54300 0.00010325146 
54400 0.00010276381 
54500 0.00010227816 
54600 0.00010179449 
54700 0.0001013128 
54800 0.00010083309 
54900 0.00010035536 
55000 9.987958E-05 
55100 9.940577E-05 
55200 9.8933917E-05 
55300 9.8464006E-05 
55400 9.7996046E-05 
55500 9.7530028E-05 
55600 9.7065938E-05 
55700 9.6603777E-05 
55800 9.6143536E-05 
55900 9.5685209E-05 
56000 9.5228803E-05 
56100 9.4774296E-05 
56200 9.4321687E-05 
56300 9.3870978E-05 
56400 9.3422153E-05 
56500 9.2975213E-05 
56600 9.253015E-05 
56700 9.2086957E-05 
56800 9.1645634E-05 
56900 9.1206173E-05 
57000 9.0768561E-05 
57100 9.0332804E-05 
57200 8.9898887E-05 
57300 8.9466812E-05 
57400 8.903657E-05 
57500 8.8608154E-05 
57600 8.8181558E-05 
57700 8.775678E-05 
57800 8.7333807E-05 
57900 8.6912645E-05 
58000 8.6493274E-05 
58100 8.6075699E-05 
58200 8.5659914E-05 
58300 8.5245912E-05 
58400 8.4833686E-05 
58500 8.4423227E-05 
58600 8.4014529E-05 
58700 8.36076E-05 
58800 8.3202416E-05 
58900 8.2798979E-05 
59000 8.2397288E-05 
59100 8.1997336E-05 
59200 8.1599108E-05 
59300 8.1202612E-05 
59400 8.0807833E-05 
59500 8.0414764E-05 
59600 8.0023405E-05 
59700 7.9633748E-05 
59800 7.9245787E-05 
59900 7.8859521E-05 
60000 7.8474935E-05 
60100 7.8092038E-05 
60200 7.7710807E-05 
60300 7.7331242E-05 
60400 7.6953344E-05 
60500 7.6577104E-05 
60600 7.6202516E-05 
60700 7.5829572E-05 
60800 7.5458265E-05 
60900 7.5088596E-05 
61000 7.4720556E-05 
61100 7.4354139E-05 
61200 7.3989344E-05 
61300 7.362615E-05 
61400 7.3264571E-05 
61500 7.2904593E-05 
61600 7.2546209E-05 
61700 7.218941E-05 
61800 7.1834198E-05 
61900 7.1480572E-05 
62000 7.112851E-05 
62100 7.077802E-05 
62200 7.0429087E-05 
62300 7.0081711E-05 
62400 6.9735892E-05 
62500 6.9391608E-05 
62600 6.9048874E-05 
62700 6.8707668E-05 
62800 6.836799E-05 
62900 6.802984E-05 
63000 6.7693203E-05 
63100 6.735808E-05 
63200 6.7024463E-05 
63300 6.6692344E-05 
63400 6.6361725E-05 
63500 6.6032597E-05 
63600 6.5704953E-05 
63700 6.5378787E-05 
63800 6.505409E-05 
63900 6.473087E-05 
64000 6.4409105E-05 
64100 6.4088803E-05 
64200 6.3769949E-05 
64300 6.345255E-05 
64400 6.3136584E-05 
64500 6.2822059E-05 
64600 6.250896E-05 
64700 6.2197287E-05 
64800 6.1887033E-05 
64900 6.1578197E-05 
65000 6.1270766E-05 
65100 6.0964743E-05 
65200 6.0660117E-05 
65300 6.0356884E-05 
65400 6.0055037E-05 
65500 5.9754577E-05 
65600 5.9455491E-05 
65700 5.9157777E-05 
65800 5.8861431E-05 
65900 5.8566449E-05 
66000 5.8272821E-05 
66100 5.7980542E-05 
66200 5.7689613E-05 
66300 5.7400022E-05 
66400 5.7111767E-05 
66500 5.6824843E-05 
66600 5.6539244E-05 
66700 5.6254965E-05 
66800 5.5972003E-05 
66900 5.5690347E-05 
67000 5.5409997E-05 
67100 5.5130949E-05 
67200 5.4853193E-05 
67300 5.4576729E-05 
67400 5.4301545E-05 
67500 5.4027645E-05 
67600 5.3755015E-05 
67700 5.3483654E-05 
67800 5.321356E-05 
67900 5.2944724E-05 
68000 5.2677144E-05 
68100 5.2410811E-05 
68200 5.2145722E-05 
68300 5.1881874E-05 
68400 5.1619259E-05 
68500 5.1357874E-05 
68600 5.1097712E-05 
68700 5.0838771E-05 
68800 5.0581042E-05 
68900 5.0324525E-05 
69000 5.0069215E-05 
69100 4.9815102E-05 
69200 4.9562183E-05 
69300 4.9310456E-05 
69400 4.9059912E-05 
69500 4.8810551E-05 
69600 4.8562368E-05 
69700 4.8315353E-05 
69800 4.8069502E-05 
69900 4.7824815E-05 
70000 4.7581285E-05 
70100 4.7338908E-05 
70200 4.7097674E-05 
70300 4.6857585E-05 
70400 4.6618636E-05 
70500 4.6380817E-05 
70600 4.6144127E-05 
70700 4.5908564E-05 
70800 4.5674118E-05 
70900 4.5440785E-05 
71000 4.5208562E-05 
71100 4.4977445E-05 
71200 4.474743E-05 
71300 4.4518511E-05 
71400 4.4290682E-05 
71500 4.4063941E-05 
71600 4.3838281E-05 
71700 4.3613698E-05 
71800 4.3390191E-05 
71900 4.3167754E-05 
72000 4.294638E-05 
72100 4.2726064E-05 
72200 4.2506806E-05 
72300 4.2288597E-05 
72400 4.2071435E-05 
72500 4.1855317E-05 
72600 4.1640236E-05 
72700 4.1426189E-05 
72800 4.1213167E-05 
72900 4.1001174E-05 
73000 4.0790201E-05 
73100 4.0580242E-05 
73200 4.0371295E-05 
73300 4.0163355E-05 
73400 3.995642E-05 
73500 3.9750481E-05 
73600 3.9545535E-05 
73700 3.9341583E-05 
73800 3.9138617E-05 
73900 3.8936632E-05 
74000 3.8735623E-05 
74100 3.8535589E-05 
74200 3.8336522E-05 
74300 3.813842E-05 
74400 3.7941281E-05 
74500 3.7745096E-05 
74600 3.7549868E-05 
74700 3.7355581E-05 
74800 3.7162245E-05 
74900 3.6969846E-05 
75000 3.6778383E-05 
75100 3.6587851E-05 
75200 3.6398251E-05 
75300 3.6209571E-05 
75400 3.6021811E-05 
75500 3.5834968E-05 
75600 3.5649038E-05 
75700 3.5464014E-05 
75800 3.5279896E-05 
75900 3.5096677E-05 
76000 3.4914352E-05 
76100 3.4732919E-05 
76200 3.4552377E-05 
76300 3.4372715E-05 
76400 3.4193938E-05 
76500 3.4016033E-05 
76600 3.3839002E-05 
76700 3.366284E-05 
76800 3.3487544E-05 
76900 3.331311E-05 
77000 3.3139531E-05 
77100 3.2966804E-05 
77200 3.2794931E-05 
77300 3.2623899E-05 
77400 3.245371E-05 
77500 3.2284363E-05 
77600 3.2115848E-05 
77700 3.1948162E-05 
77800 3.1781306E-05 
77900 3.1615273E-05 
78000 3.1450061E-05 
78100 3.1285665E-05 
78200 3.1122079E-05 
78300 3.0959302E-05 
78400 3.0797331E-05 
78500 3.0636162E-05 
78600 3.047579E-05 
78700 3.0316214E-05 
78800 3.0157427E-05 
78900 2.999943E-05 
79000 2.9842215E-05 
79100 2.968578E-05 
79200 2.9530122E-05 
79300 2.9375236E-05 
79400 2.9221121E-05 
79500 2.9067771E-05 
79600 2.8915185E-05 
79700 2.8763357E-05 
79800 2.8612285E-05 
79900 2.8461965E-05 
80000 2.8312395E-05 
80100 2.8163571E-05 
80200 2.8015489E-05 
80300 2.7868144E-05 
80400 2.7721535E-05 
80500 2.7575659E-05 
80600 2.7430511E-05 
80700 2.7286089E-05 
80800 2.7142389E-05 
80900 2.6999407E-05 
81000 2.685714E-05 
81100 2.6715587E-05 
81200 2.657474E-05 
81300 2.64346E-05 
81400 2.6295163E-05 
81500 2.6156426E-05 
81600 2.6018382E-05 
81700 2.5881032E-05 
81800 2.5744373E-05 
81900 2.5608399E-05 
82000 2.5473109E-05 
82100 2.5338499E-05 
82200 2.5204565E-05 
82300 2.5071306E-05 
82400 2.4938716E-05 
82500 2.4806794E-05 
82600 2.4675537E-05 
82700 2.4544941E-05 
82800 2.4415003E-05 
82900 2.428572E-05 
83000 2.4157091E-05 
83100 2.402911E-05 
83200 2.3901774E-05 
83300 2.3775083E-05 
83400 2.364903E-05 
83500 2.3523617E-05 
83600 2.3398836E-05 
83700 2.3274686E-05 
83800 2.3151164E-05 
83900 2.3028269E-05 
84000 2.2905995E-05 
84100 2.2784341E-05 
84200 2.2663304E-05 
84300 2.2542879E-05 
84400 2.2423066E-05 
84500 2.2303861E-05 
84600 2.2185261E-05 
84700 2.2067263E-05 
84800 2.1949863E-05 
84900 2.1833062E-05 
85000 2.1716854E-05 
85100 2.1601236E-05 
85200 2.1486207E-05 
85300 2.1371763E-05 
85400 2.1257902E-05 
85500 2.114462E-05 
85600 2.1031916E-05 
85700 2.0919786E-05 
85800 2.0808227E-05 
85900 2.0697236E-05 
86000 2.0586815E-05 
86100 2.0476955E-05 
86200 2.0367655E-05 
86300 2.0258914E-05 
86400 2.015073E-05 
86500 2.0043097E-05 
86600 1.9936015E-05 
86700 1.982948E-05 
86800 1.9723491E-05 
86900 1.9618044E-05 
87000 1.9513138E-05 
87100 1.9408768E-05 
87200 1.9304933E-05 
87300 1.920163E-05 
87400 1.9098858E-05 
87500 1.899661E-05 
87600 1.8894889E-05 
87700 1.8793689E-05 
87800 1.869301E-05 
87900 1.8592846E-05 
88000 1.8493198E-05 
88100 1.8394061E-05 
88200 1.8295435E-05 
88300 1.8197316E-05 
88400 1.8099699E-05 
88500 1.8002587E-05 
88600 1.7905975E-05 
88700 1.780986E-05 
88800 1.7714239E-05 
88900 1.7619113E-05 
89000 1.7524475E-05 
89100 1.7430326E-05 
89200 1.7336662E-05 
89300 1.7243483E-05 
89400 1.7150784E-05 
89500 1.7058563E-05 
89600 1.6966818E-05 
89700 1.6875547E-05 
89800 1.6784748E-05 
89900 1.6694419E-05 
90000 1.6604556E-05 
90100 1.651516E-05 
90200 1.6426224E-05 
90300 1.6337748E-05 
90400 1.6249733E-05 
90500 1.6162172E-05 
90600 1.6075064E-05 
90700 1.5988408E-05 
90800 1.5902202E-05 
90900 1.5816442E-05 
91000 1.5731128E-05 
91100 1.5646256E-05 
91200 1.5561824E-05 
91300 1.547783E-05 
91400 1.5394275E-05 
91500 1.531115E-05 
91600 1.522846E-05 
91700 1.5146199E-05 
91800 1.5064365E-05 
91900 1.4982958E-05 
92000 1.4901974E-05 
92100 1.4821411E-05 
92200 1.4741268E-05 
92300 1.4661542E-05 
92400 1.4582231E-05 
92500 1.4503335E-05 
92600 1.4424848E-05 
92700 1.4346771E-05 
92800 1.4269101E-05 
92900 1.4191837E-05 
93000 1.4114976E-05 
93100 1.4038516E-05 
93200 1.3962455E-05 
93300 1.3886792E-05 
93400 1.3811523E-05 
93500 1.3736649E-05 
93600 1.3662165E-05 
93700 1.3588071E-05 
93800 1.3514365E-05 
93900 1.3441043E-05 
94000 1.3368106E-05 
94100 1.3295551E-05 
94200 1.3223375E-05 
94300 1.3151578E-05 
94400 1.3080156E-05 
94500 1.3009109E-05 
94600 1.2938435E-05 
94700 1.2868131E-05 
94800 1.2798196E-05 
94900 1.2728628E-05 
95000 1.2659425E-05 
95100 1.2590584E-05 
95200 1.2522107E-05 
95300 1.2453987E-05 
95400 1.2386226E-05 
95500 1.2318822E-05 
95600 1.2251771E-05 
95700 1.2185074E-05 
95800 1.2118727E-05 
95900 1.2052728E-05 
96000 1.1987078E-05 
96100 1.1921773E-05 
96200 1.1856811E-05 
96300 1.1792193E-05 
96400 1.1727913E-05 
96500 1.1663973E-05 
96600 1.160037E-05 
96700 1.1537103E-05 
96800 1.1474169E-05 
96900 1.1411566E-05 
97000 1.1349294E-05 
97100 1.1287351E-05 
97200 1.1225736E-05 
97300 1.1164445E-05 
97400 1.1103478E-05 
97500 1.1042833E-05 
97600 1.0982508E-05 
97700 1.0922502E-05 
97800 1.0862814E-05 
97900 1.0803441E-05 
98000 1.0744383E-05 
98100 1.0685637E-05 
98200 1.0627201E-05 
98300 1.0569075E-05 
98400 1.0511258E-05 
98500 1.0453746E-05 
98600 1.0396539E-05 
98700 1.0339634E-05 
98800 1.0283032E-05 
98900 1.022673E-05 
99000 1.0170726E-05 
99100 1.011502E-05 
99200 1.0059609E-05 
99300 1.0004492E-05 
99400 9.9496674E-06 
99500 9.8951341E-06 
99600 9.8408909E-06 
99700 9.7869352E-06 
99800 9.7332668E-06 
99900 9.6798831E-06 
100000 9.6267831E-06 
100100 9.5739661E-06 
100200 9.5214291E-06 
100300 9.4691723E-06 
100400 9.4171937E-06 
100500 9.3654917E-06 
100600 9.3140643E-06 
100700 9.2629116E-06 
100800 9.2120308E-06 
100900 9.1614211E-06 
101000 9.1110815E-06 
101100 9.0610101E-06 
101200 9.0112053E-06 
101300 8.9616669E-06 
101400 8.9123923E-06 
101500 8.8633806E-06 
101600 8.8146298E-06 
101700 8.7661401E-06 
101800 8.7179087E-06 
101900 8.6699347E-06 
102000 8.622218E-06 
102100 8.5747552E-06 
102200 8.5275469E-06 
102300 8.4805897E-06 
102400 8.4338844E-06 
102500 8.3874293E-06 
102600 8.3412215E-06 
102700 8.295262E-06 
102800 8.249548E-06 
102900 8.2040788E-06 
103000 8.1588523E-06 
103100 8.1138687E-06 
103200 8.0691261E-06 
103300 8.0246227E-06 
103400 7.9803585E-06 
103500 7.9363308E-06 
103600 7.8925395E-06 
103700 7.8489829E-06 
103800 7.8056601E-06 
103900 7.7625691E-06 
104000 7.7197101E-06 
104100 7.6770802E-06 
104200 7.6346796E-06 
104300 7.5925072E-06 
104400 7.5505604E-06 
104500 7.5088396E-06 
104600 7.4673426E-06 
104700 7.4260684E-06 
104800 7.3850165E-06 
104900 7.3441847E-06 
105000 7.3035731E-06 
105100 7.2631797E-06 
105200 7.2230032E-06 
105300 7.1830432E-06 
105400 7.1432983E-06 
105500 7.1037671E-06 
105600 7.0644492E-06 
105700 7.0253427E-06 
105800 6.9864468E-06 
105900 6.9477605E-06 
106000 6.9092825E-06 
106100 6.8710119E-06 
106200 6.8329477E-06 
106300 6.7950891E-06 
106400 6.7574342E-06 
106500 6.7199826E-06 
106600 6.6827333E-06 
106700 6.6456846E-06 
106800 6.608836E-06 
106900 6.5721865E-06 
107000 6.5357344E-06 
107100 6.4994797E-06 
107200 6.4634205E-06 
107300 6.4275564E-06 
107400 6.391886E-06 
107500 6.3564084E-06 
107600 6.3211223E-06 
107700 6.2860272E-06 
107800 6.2511222E-06 
107900 6.2164058E-06 
108000 6.1818773E-06 
108100 6.1475353E-06 
108200 6.1133796E-06 
108300 6.0794086E-06 
108400 6.0456218E-06 
108500 6.0120178E-06 
108600 5.9785957E-06 
108700 5.945355E-06 
108800 5.912294E-06 
108900 5.8794126E-06 
109000 5.8467094E-06 
109100 5.8141832E-06 
109200 5.7818338E-06 
109300 5.7496595E-06 
109400 5.7176599E-06 
109500 5.6858344E-06 
109600 5.6541812E-06 
109700 5.6226995E-06 
109800 5.5913893E-06 
109900 5.5602491E-06 
110000 5.5292776E-06 
110100 5.4984748E-06 
110200 5.4678389E-06 
110300 5.43737E-06 
110400 5.4070665E-06 
110500 5.3769277E-06 
110600 5.346953E-06 
110700 5.3171411E-06 
110800 5.2874916E-06 
110900 5.2580035E-06 
111000 5.2286755E-06 
111100 5.1995071E-06 
111200 5.1704978E-06 
111300 5.1416464E-06 
111400 5.1129518E-06 
111500 5.0844142E-06 
111600 5.0560316E-06 
111700 5.0278036E-06 
111800 4.9997293E-06 
111900 4.9718083E-06 
112000 4.9440396E-06 
112100 4.9164223E-06 
112200 4.8889556E-06 
112300 4.8616384E-06 
112400 4.8344705E-06 
112500 4.8074508E-06 
112600 4.7805788E-06 
112700 4.7538533E-06 
112800 4.7272738E-06 
112900 4.7008393E-06 
113000 4.674549E-06 
113100 4.6484029E-06 
113200 4.622399E-06 
113300 4.5965376E-06 
113400 4.5708175E-06 
113500 4.545238E-06 
113600 4.5197985E-06 
113700 4.4944977E-06 
113800 4.4693356E-06 
113900 4.4443113E-06 
114000 4.4194235E-06 
114100 4.394672E-06 
114200 4.3700561E-06 
114300 4.3455752E-06 
114400 4.3212281E-06 
114500 4.2970141E-06 
114600 4.272933E-06 
114700 4.2489837E-06 
114800 4.2251659E-06 
114900 4.2014781E-06 
115000 4.1779203E-06 
115100 4.1544918E-06 
115200 4.1311919E-06 
115300 4.1080193E-06 
115400 4.0849741E-06 
115500 4.0620553E-06 
115600 4.0392624E-06 
115700 4.0165942E-06 
115800 3.9940505E-06 
115900 3.971631E-06 
116000 3.9493343E-06 
116100 3.9271599E-06 
116200 3.9051074E-06 
116300 3.8831759E-06 
116400 3.8613648E-06 
116500 3.8396738E-06 
116600 3.818102E-06 
116700 3.7966486E-06 
116800 3.7753132E-06 
116900 3.7540951E-06 
117000 3.7329939E-06 
117100 3.7120085E-06 
117200 3.6911388E-06 
117300 3.6703836E-06 
117400 3.6497429E-06 
117500 3.6292156E-06 
117600 3.6088013E-06 
117700 3.5884996E-06 
117800 3.5683095E-06 
117900 3.5482306E-06 
118000 3.5282624E-06 
118100 3.508404E-06 
118200 3.4886552E-06 
118300 3.4690152E-06 
118400 3.4494835E-06 
118500 3.4300595E-06 
118600 3.4107425E-06 
118700 3.3915319E-06 
118800 3.3724273E-06 
118900 3.3534282E-06 
119000 3.3345339E-06 
119100 3.3157439E-06 
119200 3.2970574E-06 
119300 3.2784742E-06 
119400 3.2599935E-06 
119500 3.2416149E-06 
119600 3.2233379E-06 
119700 3.2051616E-06 
119800 3.1870859E-06 
119900 3.16911E-06 
120000 3.1512334E-06 
120100 3.1334555E-06 
120200 3.1157761E-06 
120300 3.0981944E-06 
120400 3.0807096E-06 
120500 3.0633219E-06 
120600 3.0460301E-06 
120700 3.028834E-06 
120800 3.011733E-06 
120900 2.9947266E-06 
121000 2.9778143E-06 
121100 2.9609957E-06 
121200 2.9442704E-06 
121300 2.9276373E-06 
121400 2.9110965E-06 
121500 2.8946474E-06 
121600 2.8782893E-06 
121700 2.8620218E-06 
121800 2.8458444E-06 
121900 2.8297568E-06 
122000 2.8137583E-06 
122100 2.7978483E-06 
122200 2.7820267E-06 
122300 2.7662927E-06 
122400 2.7506462E-06 
122500 2.7350861E-06 
122600 2.7196127E-06 
122700 2.7042249E-06 
122800 2.6889225E-06 
122900 2.673705E-06 
123000 2.6585722E-06 
123100 2.6435232E-06 
123200 2.6285577E-06 
123300 2.6136754E-06 
123400 2.5988759E-06 
123500 2.5841584E-06 
123600 2.5695226E-06 
123700 2.5549682E-06 
123800 2.5404947E-06 
123900 2.5261018E-06 
124000 2.5117886E-06 
124100 2.4975552E-06 
124200 2.4834007E-06 
124300 2.4693252E-06 
124400 2.4553278E-06 
124500 2.4414082E-06 
124600 2.4275662E-06 
124700 2.413801E-06 
124800 2.4001126E-06 
124900 2.3865002E-06 
125000 2.3729638E-06 
125100 2.3595026E-06 
125200 2.3461164E-06 
125300 2.3328048E-06 
125400 2.3195673E-06 
125500 2.3064035E-06 
125600 2.2933129E-06 
125700 2.2802953E-06 
125800 2.2673505E-06 
125900 2.2544775E-06 
126000 2.2416766E-06 
126100 2.2289469E-06 
126200 2.2162881E-06 
126300 2.2036998E-06 
126400 2.1911819E-06 
126500 2.1787337E-06 
126600 2.166355E-06 
126700 2.1540454E-06 
126800 2.1418043E-06 
126900 2.1296319E-06 
127000 2.1175272E-06 
127100 2.10549E-06 
127200 2.0935199E-06 
127300 2.0816169E-06 
127400 2.0697803E-06 
127500 2.0580098E-06 
127600 2.0463051E-06 
127700 2.0346656E-06 
127800 2.0230914E-06 
127900 2.0115817E-06 
128000 2.0001364E-06 
128100 1.988755E-06 
128200 1.9774373E-06 
128300 1.9661829E-06 
128400 1.9549914E-06 
128500 1.9438623E-06 
128600 1.9327956E-06 
128700 1.921791E-06 
128800 1.9108477E-06 
128900 1.8999658E-06 
129000 1.8891448E-06 
129100 1.8783842E-06 
129200 1.867684E-06 
129300 1.8570436E-06 
129400 1.8464627E-06 
129500 1.8359412E-06 
129600 1.8254786E-06 
129700 1.8150746E-06 
129800 1.8047289E-06 
129900 1.7944411E-06 
130000 1.784211E-06 
130100 1.7740382E-06 
130200 1.7639225E-06 
130300 1.7538633E-06 
130400 1.7438607E-06 
130500 1.7339141E-06 
130600 1.7240233E-06 
130700 1.714188E-06 
130800 1.7044077E-06 
130900 1.6946825E-06 
131000 1.6850117E-06 
131100 1.6753953E-06 
131200 1.6658328E-06 
131300 1.6563239E-06 
131400 1.6468684E-06 
131500 1.6374661E-06 
131600 1.6281165E-06 
131700 1.6188194E-06 
131800 1.6095745E-06 
131900 1.6003816E-06 
132000 1.5912402E-06 
132100 1.5821503E-06 
132200 1.5731114E-06 
132300 1.5641233E-06 
132400 1.5551857E-06 
132500 1.5462983E-06 
132600 1.537461E-06 
132700 1.5286732E-06 
132800 1.519935E-06 
132900 1.5112458E-06 
133000 1.5026056E-06 
133100 1.494014E-06 
133200 1.4854706E-06 
133300 1.4769753E-06 
133400 1.4685279E-06 
133500 1.4601279E-06 
133600 1.4517752E-06 
133700 1.4434696E-06 
133800 1.4352107E-06 
133900 1.4269984E-06 
134000 1.4188323E-06 
134100 1.4107121E-06 
134200 1.4026377E-06 
134300 1.3946088E-06 
134400 1.3866251E-06 
134500 1.3786864E-06 
134600 1.3707923E-06 
134700 1.362943E-06 
134800 1.3551377E-06 
134900 1.3473764E-06 
135000 1.3396589E-06 
135100 1.3319849E-06 
135200 1.3243542E-06 
135300 1.3167665E-06 
135400 1.3092216E-06 
135500 1.3017193E-06 
135600 1.2942593E-06 
135700 1.2868414E-06 
135800 1.2794653E-06 
135900 1.2721309E-06 
136000 1.2648379E-06 
136100 1.2575861E-06 
136200 1.2503751E-06 
136300 1.2432049E-06 
136400 1.2360751E-06 
136500 1.2289858E-06 
136600 1.2219364E-06 
136700 1.2149267E-06 
136800 1.2079568E-06 
136900 1.2010261E-06 
137000 1.1941346E-06 
137100 1.1872821E-06 
137200 1.1804683E-06 
137300 1.173693E-06 
137400 1.1669561E-06 
137500 1.1602572E-06 
137600 1.1535963E-06 
137700 1.1469729E-06 
137800 1.140387E-06 
137900 1.1338384E-06 
138000 1.1273268E-06 
138100 1.1208521E-06 
138200 1.1144139E-06 
138300 1.1080123E-06 
138400 1.1016467E-06 
138500 1.0953173E-06 
138600 1.0890237E-06 
138700 1.0827657E-06 
138800 1.0765432E-06 
138900 1.0703559E-06 
139000 1.0642036E-06 
139100 1.0580862E-06 
139200 1.0520034E-06 
139300 1.0459552E-06 
139400 1.0399411E-06 
139500 1.0339611E-06 
139600 1.028015E-06 
139700 1.0221027E-06 
139800 1.0162238E-06 
139900 1.0103782E-06 
140000 1.0045658E-06 
140100 9.9878628E-07 
140200 9.9303963E-07 
140300 9.8732551E-07 
140400 9.8164378E-07 
140500 9.7599434E-07 
140600 9.7037696E-07 
140700 9.6479141E-07 
140800 9.5923758E-07 
140900 9.5371513E-07 
141000 9.4822417E-07 
141100 9.4276436E-07 
141200 9.3733547E-07 
141300 9.3193745E-07 
141400 9.2657007E-07 
141500 9.2123315E-07 
141600 9.1592659E-07 
141700 9.106501E-07 
141800 9.0540362E-07 
141900 9.0018693E-07 
142000 8.9499986E-07 
142100 8.8984228E-07 
142200 8.8471398E-07 
142300 8.7961484E-07 
142400 8.745447E-07 
142500 8.6950337E-07 
142600 8.6449069E-07 
142700 8.5950649E-07 
142800 8.5455065E-07 
142900 8.4962295E-07 
143000 8.4472333E-07 
143100 8.3985157E-07 
143200 8.3500748E-07 
143300 8.3019097E-07 
143400 8.2540186E-07 
143500 8.2063997E-07 
143600 8.159052E-07 
143700 8.1119742E-07 
143800 8.0651637E-07 
143900 8.0186197E-07 
144000 7.9723412E-07 
144100 7.9263253E-07 
144200 7.8805721E-07 
144300 7.8350791E-07 
144400 7.7898454E-07 
144500 7.7448692E-07 
144600 7.7001494E-07 
144700 7.6556842E-07 
144800 7.6114719E-07 
144900 7.5675121E-07 
145000 7.5238023E-07 
145100 7.4803421E-07 
145200 7.4371292E-07 
145300 7.3941624E-07 
145400 7.3514411E-07 
145500 7.3089632E-07 
145600 7.2667274E-07 
145700 7.224732E-07 
145800 7.1829766E-07 
145900 7.1414593E-07 
146000 7.100179E-07 
146100 7.0591341E-07 
146200 7.0183228E-07 
146300 6.9777445E-07 
146400 6.9373982E-07 
146500 6.8972821E-07 
146600 6.8573945E-07 
146700 6.8177349E-07 
146800 6.7783014E-07 
146900 6.7390931E-07 
147000 6.7001088E-07 
147100 6.6613472E-07 
147200 6.6228068E-07 
147300 6.5844864E-07 
147400 6.5463848E-07 
147500 6.508501E-07 
147600 6.4708337E-07 
147700 6.4333813E-07 
147800 6.3961431E-07 
147900 6.3591176E-07 
148000 6.3223035E-07 
148100 6.2857004E-07 
148200 6.2493058E-07 
148300 6.2131198E-07 
148400 6.1771402E-07 
148500 6.1413664E-07 
148600 6.1057978E-07 
148700 6.0704315E-07 
148800 6.0352681E-07 
148900 6.000306E-07 
149000 5.9655434E-07 
149100 5.9309798E-07 
149200 5.896614E-07 
149300 5.8624448E-07 
149400 5.8284712E-07 
149500 5.794692E-07 
149600 5.7611061E-07 
149700 5.7277123E-07 
149800 5.69451E-07 
149900 5.6614977E-07 
150000 5.628674E-07 
150100 5.5960385E-07 
150200 5.56359E-07 
150300 5.5313268E-07 
150400 5.4992489E-07 
150500 5.4673546E-07 
150600 5.4356428E-07 
150700 5.4041129E-07 
150800 5.3727638E-07 
150900 5.3415937E-07 
151000 5.3106027E-07 
151100 5.2797895E-07 
151200 5.2491527E-07 
151300 5.2186914E-07 
151400 5.1884047E-07 
151500 5.1582919E-07 
151600 5.1283513E-07 
151700 5.0985824E-07 
151800 5.0689846E-07 
151900 5.0395562E-07 
152000 5.0102966E-07 
152100 4.9812053E-07 
152200 4.9522805E-07 
152300 4.9235217E-07 
152400 4.8949278E-07 
152500 4.8664981E-07 
152600 4.8382316E-07 
152700 4.8101271E-07 
152800 4.782184E-07 
152900 4.7544012E-07 
153000 4.7267781E-07 
153100 4.6993134E-07 
153200 4.6720066E-07 
153300 4.6448565E-07 
153400 4.6178621E-07 
153500 4.591023E-07 
153600 4.5643378E-07 
153700 4.5378061E-07 
153800 4.5114268E-07 
153900 4.485199E-07 
154000 4.4591218E-07 
154100 4.4331944E-07 
154200 4.4074162E-07 
154300 4.381786E-07 
154400 4.3563031E-07 
154500 4.3309666E-07 
154600 4.3057759E-07 
154700 4.2807298E-07 
154800 4.2558281E-07 
154900 4.2310691E-07 
155000 4.2064528E-07 
155100 4.181978E-07 
155200 4.1576439E-07 
155300 4.1334496E-07 
155400 4.1093949E-07 
155500 4.0854783E-07 
155600 4.0616993E-07 
155700 4.038057E-07 
155800 4.0145511E-07 
155900 3.9911802E-07 
156000 3.9679438E-07 
156100 3.9448412E-07 
156200 3.9218716E-07 
156300 3.8990342E-07 
156400 3.8763281E-07 
156500 3.853753E-07 
156600 3.8313078E-07 
156700 3.8089917E-07 
156800 3.7868043E-07 
156900 3.7647447E-07 
157000 3.742812E-07 
157100 3.7210057E-07 
157200 3.6993251E-07 
157300 3.6777692E-07 
157400 3.6563378E-07 
157500 3.6350298E-07 
157600 3.6138445E-07 
157700 3.5927812E-07 
157800 3.5718395E-07 
157900 3.5510183E-07 
158000 3.5303174E-07 
158100 3.5097355E-07 
158200 3.4892727E-07 
158300 3.4689276E-07 
158400 3.4486999E-07 
158500 3.4285887E-07 
158600 3.4085934E-07 
158700 3.3887139E-07 
158800 3.3689486E-07 
158900 3.3492975E-07 
159000 3.3297599E-07 
159100 3.3103348E-07 
159200 3.2910219E-07 
159300 3.2718205E-07 
159400 3.2527296E-07 
159500 3.2337493E-07 
159600 3.2148785E-07 
159700 3.1961164E-07 
159800 3.1774627E-07 
159900 3.1589167E-07 
160000 3.1404778E-07 
160100 3.1221452E-07 
160200 3.1039187E-07 
160300 3.0857973E-07 
160400 3.0677805E-07 
160500 3.049868E-07 
160600 3.0320589E-07 
160700 3.0143525E-07 
160800 2.9967487E-07 
160900 2.9792463E-07 
161000 2.9618451E-07 
161100 2.9445445E-07 
161200 2.927344E-07 
161300 2.9102426E-07 
161400 2.8932405E-07 
161500 2.8763364E-07 
161600 2.8595301E-07 
161700 2.8428207E-07 
161800 2.8262082E-07 
161900 2.8096918E-07 
162000 2.7932705E-07 
162100 2.7769445E-07 
162200 2.7607129E-07 
162300 2.7445751E-07 
162400 2.7285307E-07 
162500 2.712579E-07 
162600 2.6967197E-07 
162700 2.6809522E-07 
162800 2.6652759E-07 
162900 2.6496903E-07 
163000 2.6341948E-07 
163100 2.6187891E-07 
163200 2.6034726E-07 
163300 2.5882446E-07 
163400 2.5731049E-07 
163500 2.5580528E-07 
163600 2.5430879E-07 
163700 2.5282094E-07 
163800 2.5134173E-07 
163900 2.4987108E-07 
164000 2.4840892E-07 
164100 2.4695527E-07 
164200 2.4551002E-07 
164300 2.4407314E-07 
164400 2.426446E-07 
164500 2.4122431E-07 
164600 2.3981227E-07 
164700 2.384084E-07 
164800 2.3701267E-07 
164900 2.3562502E-07 
165000 2.3424543E-07 
165100 2.3287383E-07 
165200 2.3151017E-07 
165300 2.3015443E-07 
165400 2.2880653E-07 
165500 2.2746646E-07 
165600 2.2613415E-07 
165700 2.2480957E-07 
165800 2.2349268E-07 
165900 2.221834E-07 
166000 2.2088174E-07 
166100 2.1958762E-07 
166200 2.1830101E-07 
166300 2.1702186E-07 
166400 2.1575013E-07 
166500 2.1448578E-07 
166600 2.1322877E-07 
166700 2.1197904E-07 
166800 2.1073659E-07 
166900 2.0950132E-07 
167000 2.0827324E-07 
167100 2.0705228E-07 
167200 2.058384E-07 
167300 2.0463158E-07 
167400 2.0343175E-07 
167500 2.0223891E-07 
167600 2.0105298E-07 
167700 1.9987394E-07 
167800 1.9870174E-07 
167900 1.9753635E-07 
168000 1.9637774E-07 
168100 1.9522585E-07 
168200 1.9408066E-07 
168300 1.9294211E-07 
168400 1.9181017E-07 
168500 1.9068483E-07 
168600 1.8956601E-07 
168700 1.884537E-07 
168800 1.8734785E-07 
168900 1.8624843E-07 
169000 1.8515539E-07 
169100 1.8406871E-07 
169200 1.8298834E-07 
169300 1.8191426E-07 
169400 1.8084643E-07 
169500 1.7978479E-07 
169600 1.7872934E-07 
169700 1.7768001E-07 
169800 1.7663679E-07 
169900 1.7559964E-07 
170000 1.7456853E-07 
170100 1.735434E-07 
170200 1.7252424E-07 
170300 1.71511E-07 
170400 1.7050367E-07 
170500 1.695022E-07 
170600 1.6850655E-07 
170700 1.6751669E-07 
170800 1.665326E-07 
170900 1.6555423E-07 
171000 1.6458155E-07 
171100 1.6361454E-07 
171200 1.6265317E-07 
171300 1.6169737E-07 
171400 1.6074715E-07 
171500 1.5980245E-07 
171600 1.5886326E-07 
171700 1.5792953E-07 
171800 1.5700125E-07 
171900 1.5607837E-07 
172000 1.5516088E-07 
172100 1.5424871E-07 
172200 1.5334186E-07 
172300 1.5244029E-07 
172400 1.5154397E-07 
172500 1.5065288E-07 
172600 1.4976699E-07 
172700 1.4888624E-07 
172800 1.4801064E-07 
172900 1.4714013E-07 
173000 1.462747E-07 
173100 1.4541432E-07 
173200 1.4455894E-07 
173300 1.4370855E-07 
173400 1.4286312E-07 
173500 1.4202261E-07 
173600 1.4118702E-07 
173700 1.4035629E-07 
173800 1.395304E-07 
173900 1.3870932E-07 
174000 1.3789304E-07 
174100 1.3708153E-07 
174200 1.3627474E-07 
174300 1.3547265E-07 
174400 1.3467525E-07 
174500 1.3388249E-07 
174600 1.3309436E-07 
174700 1.3231083E-07 
174800 1.3153188E-07 
174900 1.3075746E-07 
175000 1.2998755E-07 
175100 1.2922216E-07 
175200 1.2846122E-07 
175300 1.2770472E-07 
175400 1.2695264E-07 
175500 1.2620495E-07 
175600 1.2546164E-07 
175700 1.2472265E-07 
175800 1.2398797E-07 
175900 1.2325759E-07 
176000 1.2253147E-07 
176100 1.2180961E-07 
176200 1.2109194E-07 
176300 1.2037847E-07 
176400 1.1966917E-07 
176500 1.18964E-07 
176600 1.1826296E-07 
176700 1.1756602E-07 
176800 1.1687314E-07 
176900 1.1618431E-07 
177000 1.1549951E-07 
177100 1.148187E-07 
177200 1.1414188E-07 
177300 1.1346901E-07 
177400 1.1280008E-07 
177500 1.1213505E-07 
177600 1.1147391E-07 
177700 1.1081664E-07 
177800 1.101632E-07 
177900 1.0951359E-07 
178000 1.0886777E-07 
178100 1.0822573E-07 
178200 1.0758745E-07 
178300 1.069529E-07 
178400 1.0632205E-07 
178500 1.0569489E-07 
178600 1.0507141E-07 
178700 1.0445157E-07 
178800 1.0383535E-07 
178900 1.0322275E-07 
179000 1.0261372E-07 
179100 1.0200826E-07 
179200 1.0140634E-07 
179300 1.0080794E-07 
179400 1.0021304E-07 
179500 9.9621623E-08 
179600 9.9033663E-08 
179700 9.8449149E-08 
179800 9.7868053E-08 
179900 9.7290361E-08 
180000 9.671605E-08 
180100 9.6145101E-08 
180200 9.5577491E-08 
180300 9.5013206E-08 
180400 9.4452226E-08 
180500 9.3894528E-08 
180600 9.3340098E-08 
180700 9.2788916E-08 
180800 9.224096E-08 
180900 9.1696208E-08 
181000 9.1154654E-08 
181100 9.0616268E-08 
181200 9.0081038E-08 
181300 8.9548941E-08 
181400 8.9019963E-08 
181500 8.8494083E-08 
181600 8.797128E-08 
181700 8.7451546E-08 
181800 8.6934854E-08 
181900 8.6421196E-08 
182000 8.5910543E-08 
182100 8.5402881E-08 
182200 8.4898197E-08 
182300 8.4396468E-08 
182400 8.3897682E-08 
182500 8.3401822E-08 
182600 8.2908862E-08 
182700 8.2418801E-08 
182800 8.193161E-08 
182900 8.1447276E-08 
183000 8.0965776E-08 
183100 8.0487105E-08 
183200 8.001124E-08 
183300 7.9538168E-08 
183400 7.9067867E-08 
183500 7.8600323E-08 
183600 7.8135528E-08 
183700 7.7673455E-08 
183800 7.7214096E-08 
183900 7.6757431E-08 
184000 7.6303436E-08 
184100 7.5852114E-08 
184200 7.5403442E-08 
184300 7.4957399E-08 
184400 7.451397E-08 
184500 7.4073149E-08 
184600 7.3634915E-08 
184700 7.3199253E-08 
184800 7.2766142E-08 
184900 7.2335581E-08 
185000 7.1907543E-08 
185100 7.148202E-08 
185200 7.1058992E-08 
185300 7.063845E-08 
185400 7.0220381E-08 
185500 6.9804763E-08 
185600 6.9391589E-08 
185700 6.8980839E-08 
185800 6.8572497E-08 
185900 6.8166557E-08 
186000 6.7763004E-08 
186100 6.7361817E-08 
186200 6.696299E-08 
186300 6.65665E-08 
186400 6.6172348E-08 
186500 6.5780505E-08 
186600 6.5390971E-08 
186700 6.5003718E-08 
186800 6.4618746E-08 
186900 6.4236033E-08 
187000 6.3855573E-08 
187100 6.3477344E-08 
187200 6.3101339E-08 
187300 6.2727544E-08 
187400 6.2355952E-08 
187500 6.198654E-08 
187600 6.1619296E-08 
187700 6.1254219E-08 
187800 6.0891281E-08 
187900 6.0530482E-08 
188000 6.0171807E-08 
188100 5.9815235E-08 
188200 5.946076E-08 
188300 5.9108373E-08 
188400 5.8758058E-08 
188500 5.8409803E-08 
188600 5.8063595E-08 
188700 5.7719426E-08 
188800 5.7377278E-08 
188900 5.7037145E-08 
189000 5.6699015E-08 
189100 5.6362872E-08 
189200 5.6028707E-08 
189300 5.5696507E-08 
189400 5.5366264E-08 
189500 5.5037965E-08 
189600 5.4711595E-08 
189700 5.4387147E-08 
189800 5.4064611E-08 
189900 5.3743971E-08 
190000 5.3425218E-08 
190100 5.3108344E-08 
190200 5.2793332E-08 
190300 5.2480178E-08 
190400 5.2168865E-08 
190500 5.1859388E-08 
190600 5.155173E-08 
190700 5.1245888E-08 
190800 5.0941843E-08 
190900 5.0639589E-08 
191000 5.0339118E-08 
191100 5.0040413E-08 
191200 4.974347E-08 
191300 4.9448275E-08 
191400 4.9154817E-08 
191500 4.886309E-08 
191600 4.8573082E-08 
191700 4.8284782E-08 
191800 4.7998181E-08 
191900 4.7713268E-08 
192000 4.7430035E-08 
192100 4.7148468E-08 
192200 4.6868564E-08 
192300 4.6590309E-08 
192400 4.6313694E-08 
192500 4.6038707E-08 
192600 4.5765344E-08 
192700 4.5493589E-08 
192800 4.5223437E-08 
192900 4.4954881E-08 
193000 4.4687905E-08 
193100 4.4422503E-08 
193200 4.4158668E-08 
193300 4.3896385E-08 
193400 4.3635652E-08 
193500 4.3376456E-08 
193600 4.3118789E-08 
193700 4.2862641E-08 
193800 4.2608001E-08 
193900 4.2354866E-08 
194000 4.2103224E-08 
194100 4.1853067E-08 
194200 4.1604384E-08 
194300 4.1357168E-08 
194400 4.1111413E-08 
194500 4.0867107E-08 
194600 4.062424E-08 
194700 4.0382808E-08 
194800 4.0142801E-08 
194900 3.9904208E-08 
195000 3.9667025E-08 
195100 3.9431242E-08 
195200 3.9196852E-08 
195300 3.8963844E-08 
195400 3.873221E-08 
195500 3.8501945E-08 
195600 3.827304E-08 
195700 3.8045485E-08 
195800 3.7819273E-08 
195900 3.7594397E-08 
196000 3.737085E-08 
196100 3.714862E-08 
196200 3.6927705E-08 
196300 3.6708094E-08 
196400 3.648978E-08 
196500 3.6272755E-08 
196600 3.6057013E-08 
196700 3.5842543E-08 
196800 3.5629341E-08 
196900 3.5417401E-08 
197000 3.520671E-08 
197100 3.4997264E-08 
197200 3.4789057E-08 
197300 3.4582079E-08 
197400 3.4376324E-08 
197500 3.4171784E-08 
197600 3.3968451E-08 
197700 3.3766323E-08 
197800 3.3565389E-08 
197900 3.3365641E-08 
198000 3.3167076E-08 
198100 3.296968E-08 
198200 3.2773457E-08 
198300 3.2578388E-08 
198400 3.2384477E-08 
198500 3.2191711E-08 
198600 3.2000081E-08 
198700 3.1809588E-08 
198800 3.1620221E-08 
198900 3.143197E-08 
199000 3.1244838E-08 
199100 3.1058807E-08 
199200 3.0873881E-08 
199300 3.0690046E-08 
199400 3.0507298E-08 
199500 3.032563E-08 
199600 3.0145038E-08 
199700 2.9965516E-08 
199800 2.9787053E-08 
199900 2.9609646E-08 
200000 2.943329E-08 
