1000 0.00011744818 
1100 0.00012487562 
1200 0.00013203261 
1300 0.0001389453 
1400 0.00014563522 
1500 0.00015212044 
1600 0.00015841627 
1700 0.00016453586 
1800 0.00017049062 
1900 0.00017629052 
2000 0.00018194434 
2100 0.00018745994 
2200 0.00019284428 
2300 0.00019810363 
2400 0.0002032437 
2500 0.00020826962 
2600 0.00021318611 
2700 0.00021799747 
2800 0.00022270766 
2900 0.00022732034 
3000 0.00023183892 
3100 0.0002362665 
3200 0.00024060604 
3300 0.00024486025 
3400 0.0002490317 
3500 0.00025312279 
3600 0.00025713581 
3700 0.00026107283 
3800 0.00026493589 
3900 0.0002687269 
4000 0.00027244762 
4100 0.0002760998 
4200 0.00027968507 
4300 0.00028320495 
4400 0.00028666094 
4500 0.00029005442 
4600 0.00029338678 
4700 0.00029665924 
4800 0.00029987312 
4900 0.00030302958 
5000 0.00030612975 
5100 0.00030917471 
5200 0.00031216553 
5300 0.00031510324 
5400 0.0003179888 
5500 0.00032082319 
5600 0.0003236073 
5700 0.00032634204 
5800 0.0003290282 
5900 0.0003316667 
6000 0.00033425825 
6100 0.00033680373 
6200 0.00033930381 
6300 0.00034175927 
6400 0.00034417081 
6500 0.00034653913 
6600 0.00034886488 
6700 0.00035114877 
6800 0.0003533914 
6900 0.00035559337 
7000 0.00035775534 
7100 0.00035987789 
7200 0.00036196157 
7300 0.00036400696 
7400 0.00036601463 
7500 0.00036798511 
7600 0.00036991888 
7700 0.00037181654 
7800 0.00037367851 
7900 0.00037550533 
8000 0.00037729749 
8100 0.00037905542 
8200 0.00038077962 
8300 0.00038247049 
8400 0.00038412857 
8500 0.00038575419 
8600 0.00038734786 
8700 0.00038890995 
8800 0.00039044089 
8900 0.00039194105 
9000 0.00039341088 
9100 0.00039485077 
9200 0.00039626102 
9300 0.00039764211 
9400 0.00039899434 
9500 0.00040031807 
9600 0.00040161371 
9700 0.00040288156 
9800 0.00040412199 
9900 0.00040533533 
10000 0.00040652193 
10100 0.00040768209 
10200 0.00040881615 
10300 0.00040992443 
10400 0.0004110072 
10500 0.00041206487 
10600 0.00041309764 
10700 0.00041410586 
10800 0.0004150898 
10900 0.00041604979 
11000 0.00041698606 
11100 0.00041789896 
11200 0.0004187887 
11300 0.00041965561 
11400 0.00042049991 
11500 0.00042132192 
11600 0.00042212184 
11700 0.00042289999 
11800 0.0004236566 
11900 0.00042439191 
12000 0.00042510618 
12100 0.00042579966 
12200 0.0004264726 
12300 0.0004271252 
12400 0.00042775774 
12500 0.00042837046 
12600 0.00042896354 
12700 0.00042953723 
12800 0.00043009178 
12900 0.00043062741 
13000 0.00043114429 
13100 0.00043164266 
13200 0.00043212276 
13300 0.00043258475 
13400 0.00043302891 
13500 0.0004334554 
13600 0.00043386439 
13700 0.00043425616 
13800 0.00043463084 
13900 0.00043498867 
14000 0.00043532983 
14100 0.00043565451 
14200 0.00043596289 
14300 0.00043625518 
14400 0.00043653153 
14500 0.00043679218 
14600 0.00043703723 
14700 0.00043726695 
14800 0.00043748145 
14900 0.00043768092 
15000 0.00043786556 
15100 0.00043803552 
15200 0.00043819097 
15300 0.00043833206 
15400 0.00043845901 
15500 0.00043857191 
15600 0.00043867098 
15700 0.00043875637 
15800 0.0004388282 
15900 0.00043888667 
16000 0.00043893192 
16100 0.00043896411 
16200 0.00043898338 
16300 0.00043898987 
16400 0.00043898376 
16500 0.00043896519 
16600 0.00043893428 
16700 0.00043889118 
16800 0.00043883605 
16900 0.00043876906 
17000 0.00043869027 
17100 0.00043859988 
17200 0.00043849801 
17300 0.0004383848 
17400 0.00043826038 
17500 0.00043812487 
17600 0.00043797842 
17700 0.00043782115 
17800 0.00043765316 
17900 0.00043747463 
18000 0.00043728566 
18100 0.00043708639 
18200 0.00043687693 
18300 0.0004366574 
18400 0.00043642792 
18500 0.00043618862 
18600 0.00043593961 
18700 0.00043568102 
18800 0.00043541295 
18900 0.0004351355 
19000 0.00043484883 
19100 0.00043455302 
19200 0.00043424818 
19300 0.00043393445 
19400 0.00043361192 
19500 0.00043328069 
19600 0.00043294087 
19700 0.00043259258 
19800 0.00043223592 
19900 0.00043187098 
20000 0.00043149787 
20100 0.00043111673 
20200 0.00043072758 
20300 0.00043033061 
20400 0.00042992586 
20500 0.00042951343 
20600 0.00042909346 
20700 0.00042866601 
20800 0.00042823117 
20900 0.00042778908 
21000 0.00042733978 
21100 0.0004268834 
21200 0.00042642001 
21300 0.00042594972 
21400 0.00042547259 
21500 0.00042498874 
21600 0.00042449823 
21700 0.00042400119 
21800 0.00042349767 
21900 0.00042298777 
22000 0.00042247155 
22100 0.00042194914 
22200 0.00042142058 
22300 0.00042088598 
22400 0.00042034543 
22500 0.00041979898 
22600 0.00041924673 
22700 0.00041868875 
22800 0.00041812513 
22900 0.00041755592 
23000 0.00041698123 
23100 0.00041640113 
23200 0.00041581568 
23300 0.00041522499 
23400 0.00041462909 
23500 0.00041402807 
23600 0.00041342204 
23700 0.000412811 
23800 0.00041219508 
23900 0.00041157432 
24000 0.00041094882 
24100 0.00041031861 
24200 0.00040968379 
24300 0.00040904441 
24400 0.00040840058 
24500 0.00040775229 
24600 0.00040709967 
24700 0.00040644276 
24800 0.00040578164 
24900 0.00040511636 
25000 0.00040444697 
25100 0.00040377356 
25200 0.0004030962 
25300 0.00040241494 
25400 0.00040172981 
25500 0.00040104092 
25600 0.0004003483 
25700 0.00039965202 
25800 0.00039895214 
25900 0.0003982487 
26000 0.00039754179 
26100 0.00039683146 
26200 0.00039611774 
26300 0.00039540071 
26400 0.00039468042 
26500 0.00039395693 
26600 0.00039323029 
26700 0.00039250054 
26800 0.00039176777 
26900 0.00039103202 
27000 0.00039029331 
27100 0.00038955171 
27200 0.0003888073 
27300 0.00038806011 
27400 0.0003873102 
27500 0.00038655757 
27600 0.00038580236 
27700 0.00038504452 
27800 0.00038428418 
27900 0.00038352134 
28000 0.00038275609 
28100 0.00038198844 
28200 0.00038121844 
28300 0.00038044614 
28400 0.0003796716 
28500 0.00037889485 
28600 0.00037811595 
28700 0.00037733495 
28800 0.00037655185 
28900 0.00037576674 
29000 0.00037497966 
29100 0.00037419063 
29200 0.0003733997 
29300 0.00037260694 
29400 0.00037181235 
29500 0.00037101598 
29600 0.00037021787 
29700 0.00036941809 
29800 0.00036861666 
29900 0.00036781363 
30000 0.00036700899 
30100 0.00036620285 
30200 0.00036539522 
30300 0.00036458613 
30400 0.00036377562 
30500 0.00036296374 
30600 0.00036215049 
30700 0.00036133596 
30800 0.00036052015 
30900 0.00035970312 
31000 0.00035888486 
31100 0.00035806547 
31200 0.00035724495 
31300 0.00035642332 
31400 0.00035560064 
31500 0.00035477694 
31600 0.00035395223 
31700 0.00035312658 
31800 0.00035230001 
31900 0.00035147252 
32000 0.0003506442 
32100 0.00034981503 
32200 0.00034898505 
32300 0.00034815434 
32400 0.00034732287 
32500 0.00034649071 
32600 0.00034565787 
32700 0.00034482437 
32800 0.00034399028 
32900 0.00034315558 
33000 0.00034232036 
33100 0.00034148459 
33200 0.00034064832 
33300 0.00033981158 
33400 0.00033897438 
33500 0.0003381368 
33600 0.00033729881 
33700 0.00033646045 
33800 0.00033562176 
33900 0.00033478279 
34000 0.00033394352 
34100 0.00033310399 
34200 0.00033226423 
34300 0.00033142426 
34400 0.00033058412 
34500 0.00032974384 
34600 0.00032890341 
34700 0.00032806286 
34800 0.00032722225 
34900 0.00032638159 
35000 0.00032554087 
35100 0.00032470014 
35200 0.00032385945 
35300 0.00032301879 
35400 0.00032217815 
35500 0.00032133763 
35600 0.0003204972 
35700 0.00031965689 
35800 0.00031881672 
35900 0.00031797672 
36000 0.0003171369 
36100 0.00031629732 
36200 0.00031545793 
36300 0.00031461881 
36400 0.00031377995 
36500 0.00031294138 
36600 0.00031210313 
36700 0.0003112652 
36800 0.00031042763 
36900 0.0003095904 
37000 0.00030875357 
37100 0.00030791716 
37200 0.00030708115 
37300 0.00030624561 
37400 0.0003054105 
37500 0.00030457589 
37600 0.00030374175 
37700 0.00030290813 
37800 0.00030207506 
37900 0.00030124251 
38000 0.00030041055 
38100 0.00029957917 
38200 0.00029874837 
38300 0.00029791819 
38400 0.00029708864 
38500 0.00029625974 
38600 0.00029543147 
38700 0.0002946039 
38800 0.00029377703 
38900 0.00029295086 
39000 0.00029212539 
39100 0.00029130068 
39200 0.00029047672 
39300 0.00028965352 
39400 0.0002888311 
39500 0.0002880095 
39600 0.00028718865 
39700 0.00028636868 
39800 0.00028554953 
39900 0.00028473121 
40000 0.00028391375 
40100 0.00028309718 
40200 0.00028228149 
40300 0.0002814667 
40400 0.00028065284 
40500 0.00027983988 
40600 0.00027902788 
40700 0.00027821682 
40800 0.00027740671 
40900 0.0002765976 
41000 0.00027578947 
41100 0.00027498233 
41200 0.00027417619 
41300 0.00027337109 
41400 0.00027256701 
41500 0.00027176394 
41600 0.00027096196 
41700 0.00027016105 
41800 0.00026936119 
41900 0.00026856243 
42000 0.00026776476 
42100 0.00026696819 
42200 0.00026617272 
42300 0.00026537839 
42400 0.00026458519 
42500 0.00026379313 
42600 0.00026300224 
42700 0.0002622125 
42800 0.00026142393 
42900 0.00026063656 
43000 0.00025985035 
43100 0.00025906536 
43200 0.00025828157 
43300 0.00025749896 
43400 0.00025671761 
43500 0.00025593748 
43600 0.00025515861 
43700 0.00025438098 
43800 0.00025360458 
43900 0.00025282949 
44000 0.00025205562 
44100 0.00025128305 
44200 0.00025051177 
44300 0.0002497418 
44400 0.00024897311 
44500 0.00024820573 
44600 0.00024743966 
44700 0.00024667493 
44800 0.00024591151 
44900 0.00024514942 
45000 0.00024438871 
45100 0.00024362931 
45200 0.00024287128 
45300 0.00024211461 
45400 0.0002413593 
45500 0.00024060538 
45600 0.00023985283 
45700 0.00023910166 
45800 0.00023835189 
45900 0.00023760351 
46000 0.00023685653 
46100 0.00023611097 
46200 0.00023536681 
46300 0.00023462407 
46400 0.00023388276 
46500 0.00023314287 
46600 0.00023240442 
46700 0.00023166741 
46800 0.00023093184 
46900 0.00023019772 
47000 0.00022946505 
47100 0.00022873383 
47200 0.00022800408 
47300 0.0002272758 
47400 0.00022654899 
47500 0.00022582365 
47600 0.00022509978 
47700 0.00022437741 
47800 0.00022365652 
47900 0.00022293712 
48000 0.00022221921 
48100 0.00022150279 
48200 0.00022078789 
48300 0.00022007449 
48400 0.0002193626 
48500 0.00021865222 
48600 0.00021794335 
48700 0.000217236 
48800 0.00021653017 
48900 0.00021582587 
49000 0.0002151231 
49100 0.00021442186 
49200 0.00021372216 
49300 0.00021302399 
49400 0.00021232736 
49500 0.00021163227 
49600 0.00021093873 
49700 0.00021024673 
49800 0.00020955628 
49900 0.00020886738 
50000 0.00020818003 
50100 0.00020749426 
50200 0.00020681003 
50300 0.00020612737 
50400 0.00020544627 
50500 0.00020476672 
50600 0.00020408876 
50700 0.00020341236 
50800 0.00020273753 
50900 0.00020206427 
51000 0.00020139258 
51100 0.00020072248 
51200 0.00020005395 
51300 0.00019938701 
51400 0.00019872164 
51500 0.00019805784 
51600 0.00019739564 
51700 0.00019673501 
51800 0.00019607598 
51900 0.00019541853 
52000 0.00019476267 
52100 0.0001941084 
52200 0.00019345572 
52300 0.00019280463 
52400 0.00019215513 
52500 0.00019150722 
52600 0.00019086091 
52700 0.00019021619 
52800 0.00018957307 
52900 0.00018893155 
53000 0.00018829161 
53100 0.00018765328 
53200 0.00018701654 
53300 0.00018638141 
53400 0.00018574786 
53500 0.00018511592 
53600 0.00018448557 
53700 0.00018385683 
53800 0.00018322968 
53900 0.00018260414 
54000 0.0001819802 
54100 0.00018135786 
54200 0.0001807371 
54300 0.00018011796 
54400 0.00017950041 
54500 0.00017888447 
54600 0.00017827011 
54700 0.00017765736 
54800 0.00017704623 
54900 0.00017643668 
55000 0.00017582871 
55100 0.00017522236 
55200 0.00017461761 
55300 0.00017401445 
55400 0.00017341289 
55500 0.00017281293 
55600 0.00017221455 
55700 0.00017161779 
55800 0.00017102261 
55900 0.00017042903 
56000 0.00016983703 
56100 0.00016924665 
56200 0.00016865783 
56300 0.00016807062 
56400 0.00016748501 
56500 0.00016690097 
56600 0.00016631852 
56700 0.00016573767 
56800 0.0001651584 
56900 0.00016458072 
57000 0.00016400462 
57100 0.00016343012 
57200 0.00016285718 
57300 0.00016228583 
57400 0.00016171606 
57500 0.00016114787 
57600 0.00016058126 
57700 0.00016001624 
57800 0.00015945277 
57900 0.00015889089 
58000 0.00015833059 
58100 0.00015777184 
58200 0.00015721467 
58300 0.00015665908 
58400 0.00015610504 
58500 0.00015555258 
58600 0.00015500169 
58700 0.00015445235 
58800 0.00015390458 
58900 0.00015335836 
59000 0.00015281371 
59100 0.0001522706 
59200 0.00015172907 
59300 0.00015118907 
59400 0.00015065064 
59500 0.00015011374 
59600 0.00014957841 
59700 0.00014904462 
59800 0.00014851238 
59900 0.00014798167 
60000 0.00014745251 
60100 0.0001469249 
60200 0.0001463988 
60300 0.00014587426 
60400 0.00014535124 
60500 0.00014482976 
60600 0.00014430982 
60700 0.00014379139 
60800 0.00014327449 
60900 0.00014275912 
61000 0.00014224526 
61100 0.00014173293 
61200 0.00014122212 
61300 0.00014071281 
61400 0.00014020504 
61500 0.00013969876 
61600 0.000139194 
61700 0.00013869074 
61800 0.00013818899 
61900 0.00013768875 
62000 0.00013719 
62100 0.00013669275 
62200 0.00013619699 
62300 0.00013570274 
62400 0.00013520998 
62500 0.00013471869 
62600 0.0001342289 
62700 0.0001337406 
62800 0.00013325378 
62900 0.00013276843 
63000 0.00013228456 
63100 0.00013180218 
63200 0.00013132127 
63300 0.00013084181 
63400 0.00013036384 
63500 0.00012988732 
63600 0.00012941228 
63700 0.00012893869 
63800 0.00012846656 
63900 0.00012799588 
64000 0.00012752665 
64100 0.00012705888 
64200 0.00012659257 
64300 0.00012612769 
64400 0.00012566426 
64500 0.00012520226 
64600 0.00012474169 
64700 0.00012428258 
64800 0.0001238249 
64900 0.00012336863 
65000 0.0001229138 
65100 0.00012246039 
65200 0.00012200841 
65300 0.00012155784 
65400 0.00012110869 
65500 0.00012066096 
65600 0.00012021463 
65700 0.00011976972 
65800 0.00011932621 
65900 0.00011888411 
66000 0.0001184434 
66100 0.00011800409 
66200 0.00011756617 
66300 0.00011712965 
66400 0.00011669452 
66500 0.00011626078 
66600 0.00011582842 
66700 0.00011539744 
66800 0.00011496784 
66900 0.00011453961 
67000 0.00011411276 
67100 0.00011368727 
67200 0.00011326316 
67300 0.0001128404 
67400 0.00011241902 
67500 0.00011199898 
67600 0.0001115803 
67700 0.00011116298 
67800 0.00011074701 
67900 0.00011033238 
68000 0.0001099191 
68100 0.00010950716 
68200 0.00010909655 
68300 0.00010868728 
68400 0.00010827935 
68500 0.00010787274 
68600 0.00010746746 
68700 0.0001070635 
68800 0.00010666087 
68900 0.00010625955 
69000 0.00010585955 
69100 0.00010546087 
69200 0.00010506348 
69300 0.00010466741 
69400 0.00010427264 
69500 0.00010387917 
69600 0.00010348699 
69700 0.00010309611 
69800 0.00010270652 
69900 0.00010231823 
70000 0.00010193121 
70100 0.00010154548 
70200 0.00010116102 
70300 0.00010077785 
70400 0.00010039595 
70500 0.00010001531 
70600 9.9635952E-05 
70700 9.925785E-05 
70800 9.8881013E-05 
70900 9.8505428E-05 
71000 9.8131102E-05 
71100 9.7758035E-05 
71200 9.7386212E-05 
71300 9.7015632E-05 
71400 9.6646298E-05 
71500 9.6278207E-05 
71600 9.5911353E-05 
71700 9.5545729E-05 
71800 9.5181342E-05 
71900 9.4818177E-05 
72000 9.4456242E-05 
72100 9.4095529E-05 
72200 9.3736038E-05 
72300 9.3377756E-05 
72400 9.3020695E-05 
72500 9.2664835E-05 
72600 9.2310191E-05 
72700 9.1956746E-05 
72800 9.1604503E-05 
72900 9.125346E-05 
73000 9.090361E-05 
73100 9.0554946E-05 
73200 9.0207483E-05 
73300 8.9861198E-05 
73400 8.9516099E-05 
73500 8.9172179E-05 
73600 8.8829431E-05 
73700 8.8487861E-05 
73800 8.8147463E-05 
73900 8.7808228E-05 
74000 8.7470165E-05 
74100 8.713326E-05 
74200 8.679751E-05 
74300 8.6462918E-05 
74400 8.6129483E-05 
74500 8.579719E-05 
74600 8.5466047E-05 
74700 8.5136053E-05 
74800 8.4807194E-05 
74900 8.447947E-05 
75000 8.4152882E-05 
75100 8.3827428E-05 
75200 8.3503095E-05 
75300 8.3179897E-05 
75400 8.2857812E-05 
75500 8.2536855E-05 
75600 8.2217011E-05 
75700 8.1898281E-05 
75800 8.1580656E-05 
75900 8.1264145E-05 
76000 8.0948732E-05 
76100 8.0634425E-05 
76200 8.032121E-05 
76300 8.0009093E-05 
76400 7.9698075E-05 
76500 7.9388134E-05 
76600 7.9079291E-05 
76700 7.8771525E-05 
76800 7.8464836E-05 
76900 7.8159232E-05 
77000 7.7854696E-05 
77100 7.7551231E-05 
77200 7.7248835E-05 
77300 7.6947508E-05 
77400 7.6647237E-05 
77500 7.6348028E-05 
77600 7.6049881E-05 
77700 7.5752781E-05 
77800 7.545673E-05 
77900 7.5161726E-05 
78000 7.486777E-05 
78100 7.4574855E-05 
78200 7.428298E-05 
78300 7.3992138E-05 
78400 7.3702329E-05 
78500 7.3413546E-05 
78600 7.312579E-05 
78700 7.2839066E-05 
78800 7.2553354E-05 
78900 7.226866E-05 
79000 7.1984985E-05 
79100 7.1702321E-05 
79200 7.1420669E-05 
79300 7.1140021E-05 
79400 7.0860369E-05 
79500 7.0581722E-05 
79600 7.0304079E-05 
79700 7.0027425E-05 
79800 6.9751761E-05 
79900 6.9477086E-05 
80000 6.9203394E-05 
80100 6.8930691E-05 
80200 6.8658963E-05 
80300 6.8388217E-05 
80400 6.8118439E-05 
80500 6.7849636E-05 
80600 6.7581801E-05 
80700 6.7314933E-05 
80800 6.7049026E-05 
80900 6.6784072E-05 
81000 6.6520086E-05 
81100 6.6257046E-05 
81200 6.5994966E-05 
81300 6.5733824E-05 
81400 6.5473636E-05 
81500 6.5214386E-05 
81600 6.4956075E-05 
81700 6.4698703E-05 
81800 6.4442269E-05 
81900 6.4186759E-05 
82000 6.3932181E-05 
82100 6.3678526E-05 
82200 6.3425796E-05 
82300 6.3173989E-05 
82400 6.29231E-05 
82500 6.267312E-05 
82600 6.2424049E-05 
82700 6.2175895E-05 
82800 6.1928644E-05 
82900 6.1682294E-05 
83000 6.1436847E-05 
83100 6.1192302E-05 
83200 6.0948645E-05 
83300 6.0705883E-05 
83400 6.0464012E-05 
83500 6.0223025E-05 
83600 5.9982925E-05 
83700 5.9743703E-05 
83800 5.9505361E-05 
83900 5.9267895E-05 
84000 5.9031303E-05 
84100 5.879558E-05 
84200 5.8560727E-05 
84300 5.8326736E-05 
84400 5.809361E-05 
84500 5.786134E-05 
84600 5.7629928E-05 
84700 5.7399371E-05 
84800 5.7169669E-05 
84900 5.6940811E-05 
85000 5.6712801E-05 
85100 5.6485635E-05 
85200 5.6259309E-05 
85300 5.6033819E-05 
85400 5.5809167E-05 
85500 5.5585348E-05 
85600 5.5362358E-05 
85700 5.5140197E-05 
85800 5.4918859E-05 
85900 5.4698343E-05 
86000 5.4478649E-05 
86100 5.4259774E-05 
86200 5.404171E-05 
86300 5.3824457E-05 
86400 5.3608015E-05 
86500 5.3392378E-05 
86600 5.3177548E-05 
86700 5.2963518E-05 
86800 5.2750285E-05 
86900 5.2537853E-05 
87000 5.232621E-05 
87100 5.211536E-05 
87200 5.1905299E-05 
87300 5.1696024E-05 
87400 5.1487532E-05 
87500 5.1279821E-05 
87600 5.107289E-05 
87700 5.0866733E-05 
87800 5.0661351E-05 
87900 5.045674E-05 
88000 5.0252896E-05 
88100 5.0049817E-05 
88200 4.9847502E-05 
88300 4.9645951E-05 
88400 4.9445152E-05 
88500 4.9245114E-05 
88600 4.904583E-05 
88700 4.8847294E-05 
88800 4.8649508E-05 
88900 4.8452468E-05 
89000 4.825617E-05 
89100 4.8060614E-05 
89200 4.7865797E-05 
89300 4.7671718E-05 
89400 4.747837E-05 
89500 4.7285754E-05 
89600 4.7093865E-05 
89700 4.6902707E-05 
89800 4.671227E-05 
89900 4.6522553E-05 
90000 4.633356E-05 
90100 4.614528E-05 
90200 4.5957717E-05 
90300 4.5770863E-05 
90400 4.5584722E-05 
90500 4.5399287E-05 
90600 4.5214558E-05 
90700 4.5030531E-05 
90800 4.4847202E-05 
90900 4.4664572E-05 
91000 4.448264E-05 
91100 4.43014E-05 
91200 4.412085E-05 
91300 4.3940989E-05 
91400 4.3761815E-05 
91500 4.3583324E-05 
91600 4.3405515E-05 
91700 4.3228385E-05 
91800 4.3051932E-05 
91900 4.2876152E-05 
92000 4.2701049E-05 
92100 4.2526612E-05 
92200 4.2352844E-05 
92300 4.2179741E-05 
92400 4.2007305E-05 
92500 4.1835527E-05 
92600 4.1664407E-05 
92700 4.1493946E-05 
92800 4.1324136E-05 
92900 4.1154981E-05 
93000 4.0986477E-05 
93100 4.0818617E-05 
93200 4.0651405E-05 
93300 4.0484836E-05 
93400 4.0318908E-05 
93500 4.0153616E-05 
93600 3.9988965E-05 
93700 3.9824947E-05 
93800 3.9661558E-05 
93900 3.9498802E-05 
94000 3.9336675E-05 
94100 3.9175171E-05 
94200 3.9014292E-05 
94300 3.8854036E-05 
94400 3.8694394E-05 
94500 3.8535374E-05 
94600 3.8376966E-05 
94700 3.8219176E-05 
94800 3.8061989E-05 
94900 3.7905418E-05 
95000 3.7749447E-05 
95100 3.7594087E-05 
95200 3.7439324E-05 
95300 3.7285165E-05 
95400 3.7131602E-05 
95500 3.6978632E-05 
95600 3.6826259E-05 
95700 3.6674479E-05 
95800 3.6523288E-05 
95900 3.6372683E-05 
96000 3.6222667E-05 
96100 3.607323E-05 
96200 3.5924379E-05 
96300 3.5776106E-05 
96400 3.5628411E-05 
96500 3.5481287E-05 
96600 3.5334742E-05 
96700 3.5188765E-05 
96800 3.5043358E-05 
96900 3.489852E-05 
97000 3.4754248E-05 
97100 3.4610537E-05 
97200 3.4467386E-05 
97300 3.4324799E-05 
97400 3.4182765E-05 
97500 3.4041292E-05 
97600 3.3900367E-05 
97700 3.3759996E-05 
97800 3.3620174E-05 
97900 3.3480901E-05 
98000 3.334217E-05 
98100 3.3203985E-05 
98200 3.3066342E-05 
98300 3.2929238E-05 
98400 3.2792675E-05 
98500 3.2656644E-05 
98600 3.2521148E-05 
98700 3.2386186E-05 
98800 3.2251752E-05 
98900 3.2117849E-05 
99000 3.1984473E-05 
99100 3.1851618E-05 
99200 3.1719286E-05 
99300 3.1587479E-05 
99400 3.1456188E-05 
99500 3.1325413E-05 
99600 3.1195155E-05 
99700 3.106541E-05 
99800 3.0936179E-05 
99900 3.0807456E-05 
100000 3.0679239E-05 
100100 3.0551531E-05 
100200 3.0424326E-05 
100300 3.0297622E-05 
100400 3.0171421E-05 
100500 3.0045718E-05 
100600 2.9920511E-05 
100700 2.9795801E-05 
100800 2.9671584E-05 
100900 2.9547859E-05 
101000 2.9424622E-05 
101100 2.9301875E-05 
101200 2.9179613E-05 
101300 2.9057835E-05 
101400 2.8936542E-05 
101500 2.8815728E-05 
101600 2.8695395E-05 
101700 2.8575538E-05 
101800 2.8456157E-05 
101900 2.8337252E-05 
102000 2.8218818E-05 
102100 2.8100854E-05 
102200 2.7983358E-05 
102300 2.7866332E-05 
102400 2.7749769E-05 
102500 2.7633672E-05 
102600 2.7518035E-05 
102700 2.7402861E-05 
102800 2.7288143E-05 
102900 2.7173883E-05 
103000 2.7060079E-05 
103100 2.6946727E-05 
103200 2.683383E-05 
103300 2.672138E-05 
103400 2.6609381E-05 
103500 2.6497828E-05 
103600 2.638672E-05 
103700 2.6276057E-05 
103800 2.6165837E-05 
103900 2.6056056E-05 
104000 2.5946714E-05 
104100 2.583781E-05 
104200 2.572934E-05 
104300 2.5621304E-05 
104400 2.5513702E-05 
104500 2.5406531E-05 
104600 2.5299787E-05 
104700 2.5193473E-05 
104800 2.5087584E-05 
104900 2.4982121E-05 
105000 2.4877078E-05 
105100 2.4772458E-05 
105200 2.4668258E-05 
105300 2.4564475E-05 
105400 2.4461111E-05 
105500 2.435816E-05 
105600 2.4255623E-05 
105700 2.41535E-05 
105800 2.4051786E-05 
105900 2.3950481E-05 
106000 2.3849583E-05 
106100 2.3749091E-05 
106200 2.3649003E-05 
106300 2.3549319E-05 
106400 2.3450037E-05 
106500 2.3351153E-05 
106600 2.3252669E-05 
106700 2.315458E-05 
106800 2.3056888E-05 
106900 2.295959E-05 
107000 2.2862683E-05 
107100 2.2766169E-05 
107200 2.2670043E-05 
107300 2.2574306E-05 
107400 2.2478956E-05 
107500 2.2383991E-05 
107600 2.2289409E-05 
107700 2.2195209E-05 
107800 2.2101391E-05 
107900 2.2007951E-05 
108000 2.1914891E-05 
108100 2.1822207E-05 
108200 2.1729897E-05 
108300 2.1637961E-05 
108400 2.1546397E-05 
108500 2.1455206E-05 
108600 2.1364382E-05 
108700 2.1273927E-05 
108800 2.118384E-05 
108900 2.1094116E-05 
109000 2.1004758E-05 
109100 2.0915761E-05 
109200 2.0827127E-05 
109300 2.0738851E-05 
109400 2.0650934E-05 
109500 2.0563375E-05 
109600 2.0476171E-05 
109700 2.0389321E-05 
109800 2.0302825E-05 
109900 2.0216681E-05 
110000 2.0130887E-05 
110100 2.0045441E-05 
110200 1.9960344E-05 
110300 1.9875593E-05 
110400 1.9791187E-05 
110500 1.9707126E-05 
110600 1.9623405E-05 
110700 1.9540026E-05 
110800 1.9456988E-05 
110900 1.9374289E-05 
111000 1.9291925E-05 
111100 1.9209898E-05 
111200 1.9128207E-05 
111300 1.9046847E-05 
111400 1.896582E-05 
111500 1.8885126E-05 
111600 1.880476E-05 
111700 1.8724722E-05 
111800 1.8645011E-05 
111900 1.8565626E-05 
112000 1.8486566E-05 
112100 1.8407829E-05 
112200 1.8329414E-05 
112300 1.8251321E-05 
112400 1.8173547E-05 
112500 1.8096091E-05 
112600 1.8018953E-05 
112700 1.7942129E-05 
112800 1.7865621E-05 
112900 1.7789427E-05 
113000 1.7713544E-05 
113100 1.7637974E-05 
113200 1.7562712E-05 
113300 1.748776E-05 
113400 1.7413116E-05 
113500 1.7338778E-05 
113600 1.7264743E-05 
113700 1.7191014E-05 
113800 1.7117589E-05 
113900 1.7044464E-05 
114000 1.697164E-05 
114100 1.6899116E-05 
114200 1.6826887E-05 
114300 1.6754959E-05 
114400 1.6683325E-05 
114500 1.6611984E-05 
114600 1.654094E-05 
114700 1.6470187E-05 
114800 1.6399725E-05 
114900 1.6329554E-05 
115000 1.625967E-05 
115100 1.6190075E-05 
115200 1.6120768E-05 
115300 1.6051745E-05 
115400 1.5983007E-05 
115500 1.5914553E-05 
115600 1.5846383E-05 
115700 1.5778491E-05 
115800 1.5710881E-05 
115900 1.5643549E-05 
116000 1.5576497E-05 
116100 1.550972E-05 
116200 1.544322E-05 
116300 1.5376994E-05 
116400 1.5311041E-05 
116500 1.5245363E-05 
116600 1.5179955E-05 
116700 1.5114818E-05 
116800 1.504995E-05 
116900 1.498535E-05 
117000 1.4921018E-05 
117100 1.4856952E-05 
117200 1.4793151E-05 
117300 1.4729615E-05 
117400 1.4666341E-05 
117500 1.4603331E-05 
117600 1.454058E-05 
117700 1.4478091E-05 
117800 1.441586E-05 
117900 1.4353887E-05 
118000 1.4292172E-05 
118100 1.4230712E-05 
118200 1.4169507E-05 
118300 1.4108557E-05 
118400 1.4047859E-05 
118500 1.3987413E-05 
118600 1.3927219E-05 
118700 1.3867274E-05 
118800 1.3807579E-05 
118900 1.3748132E-05 
119000 1.3688931E-05 
119100 1.3629978E-05 
119200 1.3571269E-05 
119300 1.3512804E-05 
119400 1.3454583E-05 
119500 1.3396603E-05 
119600 1.3338866E-05 
119700 1.3281368E-05 
119800 1.322411E-05 
119900 1.316709E-05 
120000 1.3110309E-05 
120100 1.3053763E-05 
120200 1.2997453E-05 
120300 1.2941378E-05 
120400 1.2885537E-05 
120500 1.2829929E-05 
120600 1.2774552E-05 
120700 1.2719407E-05 
120800 1.2664492E-05 
120900 1.2609806E-05 
121000 1.2555348E-05 
121100 1.2501117E-05 
121200 1.2447113E-05 
121300 1.2393335E-05 
121400 1.2339781E-05 
121500 1.2286452E-05 
121600 1.2233345E-05 
121700 1.2180461E-05 
121800 1.2127796E-05 
121900 1.2075353E-05 
122000 1.2023129E-05 
122100 1.1971123E-05 
122200 1.1919336E-05 
122300 1.1867764E-05 
122400 1.1816409E-05 
122500 1.1765269E-05 
122600 1.1714343E-05 
122700 1.166363E-05 
122800 1.161313E-05 
122900 1.1562842E-05 
123000 1.1512764E-05 
123100 1.1462897E-05 
123200 1.1413237E-05 
123300 1.1363787E-05 
123400 1.1314544E-05 
123500 1.1265508E-05 
123600 1.1216677E-05 
123700 1.1168052E-05 
123800 1.111963E-05 
123900 1.1071413E-05 
124000 1.1023397E-05 
124100 1.0975584E-05 
124200 1.0927971E-05 
124300 1.0880558E-05 
124400 1.0833344E-05 
124500 1.0786329E-05 
124600 1.0739512E-05 
124700 1.0692892E-05 
124800 1.0646468E-05 
124900 1.0600238E-05 
125000 1.0554204E-05 
125100 1.0508364E-05 
125200 1.0462716E-05 
125300 1.041726E-05 
125400 1.0371996E-05 
125500 1.0326923E-05 
125600 1.028204E-05 
125700 1.0237345E-05 
125800 1.0192839E-05 
125900 1.0148521E-05 
126000 1.010439E-05 
126100 1.0060444E-05 
126200 1.0016684E-05 
126300 9.9731087E-06 
126400 9.9297167E-06 
126500 9.8865085E-06 
126600 9.843483E-06 
126700 9.8006385E-06 
126800 9.757975E-06 
126900 9.7154916E-06 
127000 9.6731874E-06 
127100 9.6310623E-06 
127200 9.5891155E-06 
127300 9.5473461E-06 
127400 9.505753E-06 
127500 9.4643356E-06 
127600 9.4230927E-06 
127700 9.3820254E-06 
127800 9.3411309E-06 
127900 9.3004101E-06 
128000 9.2598621E-06 
128100 9.219485E-06 
128200 9.1792781E-06 
128300 9.139243E-06 
128400 9.0993763E-06 
128500 9.0596786E-06 
128600 9.0201493E-06 
128700 8.9807882E-06 
128800 8.9415926E-06 
128900 8.9025643E-06 
129000 8.8637007E-06 
129100 8.8250017E-06 
129200 8.7864673E-06 
129300 8.7480967E-06 
129400 8.7098888E-06 
129500 8.6718428E-06 
129600 8.6339578E-06 
129700 8.5962338E-06 
129800 8.5586707E-06 
129900 8.521266E-06 
130000 8.4840212E-06 
130100 8.4469339E-06 
130200 8.4100047E-06 
130300 8.373232E-06 
130400 8.3366158E-06 
130500 8.3001551E-06 
130600 8.2638498E-06 
130700 8.2276983E-06 
130800 8.1917005E-06 
130900 8.1558564E-06 
131000 8.1201642E-06 
131100 8.0846239E-06 
131200 8.0492355E-06 
131300 8.0139971E-06 
131400 7.9789097E-06 
131500 7.9439706E-06 
131600 7.9091806E-06 
131700 7.8745388E-06 
131800 7.8400444E-06 
131900 7.8056974E-06 
132000 7.7714967E-06 
132100 7.7374416E-06 
132200 7.703532E-06 
132300 7.669767E-06 
132400 7.6361457E-06 
132500 7.6026672E-06 
132600 7.5693324E-06 
132700 7.5361395E-06 
132800 7.503088E-06 
132900 7.4701779E-06 
133000 7.4374084E-06 
133100 7.4047784E-06 
133200 7.3722881E-06 
133300 7.3399365E-06 
133400 7.3077231E-06 
133500 7.275647E-06 
133600 7.2437083E-06 
133700 7.211906E-06 
133800 7.1802397E-06 
133900 7.1487088E-06 
134000 7.1173126E-06 
134100 7.0860506E-06 
134200 7.0549222E-06 
134300 7.0239271E-06 
134400 6.9930647E-06 
134500 6.9623343E-06 
134600 6.9317357E-06 
134700 6.9012676E-06 
134800 6.8709301E-06 
134900 6.8407226E-06 
135000 6.8106442E-06 
135100 6.780695E-06 
135200 6.750874E-06 
135300 6.7211809E-06 
135400 6.6916145E-06 
135500 6.6621751E-06 
135600 6.6328621E-06 
135700 6.6036746E-06 
135800 6.5746121E-06 
135900 6.5456748E-06 
136000 6.516861E-06 
136100 6.488171E-06 
136200 6.4596043E-06 
136300 6.4311598E-06 
136400 6.4028377E-06 
136500 6.374637E-06 
136600 6.3465577E-06 
136700 6.3185985E-06 
136800 6.2907598E-06 
136900 6.2630402E-06 
137000 6.2354402E-06 
137100 6.2079584E-06 
137200 6.1805949E-06 
137300 6.1533487E-06 
137400 6.1262199E-06 
137500 6.0992079E-06 
137600 6.0723119E-06 
137700 6.0455313E-06 
137800 6.0188663E-06 
137900 5.9923154E-06 
138000 5.9658792E-06 
138100 5.9395566E-06 
138200 5.9133476E-06 
138300 5.8872511E-06 
138400 5.8612668E-06 
138500 5.8353949E-06 
138600 5.8096339E-06 
138700 5.7839843E-06 
138800 5.7584448E-06 
138900 5.7330153E-06 
139000 5.7076959E-06 
139100 5.6824852E-06 
139200 5.6573831E-06 
139300 5.6323893E-06 
139400 5.6075032E-06 
139500 5.5827245E-06 
139600 5.5580526E-06 
139700 5.5334872E-06 
139800 5.5090277E-06 
139900 5.4846741E-06 
140000 5.4604252E-06 
140100 5.4362808E-06 
140200 5.4122411E-06 
140300 5.3883045E-06 
140400 5.3644717E-06 
140500 5.3407421E-06 
140600 5.3171148E-06 
140700 5.2935893E-06 
140800 5.2701653E-06 
140900 5.2468431E-06 
141000 5.223621E-06 
141100 5.2004998E-06 
141200 5.1774782E-06 
141300 5.1545562E-06 
141400 5.1317334E-06 
141500 5.1090096E-06 
141600 5.0863837E-06 
141700 5.0638555E-06 
141800 5.0414251E-06 
141900 5.0190915E-06 
142000 4.9968548E-06 
142100 4.9747146E-06 
142200 4.9526698E-06 
142300 4.9307205E-06 
142400 4.9088662E-06 
142500 4.8871066E-06 
142600 4.865441E-06 
142700 4.8438696E-06 
142800 4.8223915E-06 
142900 4.8010065E-06 
143000 4.7797143E-06 
143100 4.7585145E-06 
143200 4.737406E-06 
143300 4.7163894E-06 
143400 4.6954642E-06 
143500 4.6746295E-06 
143600 4.6538848E-06 
143700 4.6332307E-06 
143800 4.6126656E-06 
143900 4.5921902E-06 
144000 4.5718034E-06 
144100 4.5515053E-06 
144200 4.531295E-06 
144300 4.5111724E-06 
144400 4.4911376E-06 
144500 4.4711896E-06 
144600 4.4513281E-06 
144700 4.431553E-06 
144800 4.4118638E-06 
144900 4.3922601E-06 
145000 4.3727414E-06 
145100 4.3533078E-06 
145200 4.3339587E-06 
145300 4.3146933E-06 
145400 4.2955121E-06 
145500 4.2764141E-06 
145600 4.2573993E-06 
145700 4.2384672E-06 
145800 4.219617E-06 
145900 4.2008496E-06 
146000 4.1821631E-06 
146100 4.1635585E-06 
146200 4.1450344E-06 
146300 4.1265912E-06 
146400 4.108228E-06 
146500 4.0899454E-06 
146600 4.0717418E-06 
146700 4.0536179E-06 
146800 4.0355726E-06 
146900 4.017606E-06 
147000 3.9997176E-06 
147100 3.9819074E-06 
147200 3.9641745E-06 
147300 3.946519E-06 
147400 3.9289407E-06 
147500 3.9114389E-06 
147600 3.8940129E-06 
147700 3.8766634E-06 
147800 3.8593894E-06 
147900 3.8421908E-06 
148000 3.8250673E-06 
148100 3.8080186E-06 
148200 3.7910443E-06 
148300 3.7741438E-06 
148400 3.7573172E-06 
148500 3.7405639E-06 
148600 3.723884E-06 
148700 3.7072768E-06 
148800 3.690742E-06 
148900 3.6742797E-06 
149000 3.657889E-06 
149100 3.6415702E-06 
149200 3.6253225E-06 
149300 3.6091458E-06 
149400 3.5930398E-06 
149500 3.5770042E-06 
149600 3.5610385E-06 
149700 3.5451428E-06 
149800 3.5293167E-06 
149900 3.5135597E-06 
150000 3.4978716E-06 
150100 3.4822522E-06 
150200 3.4667009E-06 
150300 3.4512177E-06 
150400 3.4358025E-06 
150500 3.4204545E-06 
150600 3.4051736E-06 
150700 3.3899598E-06 
150800 3.3748124E-06 
150900 3.3597314E-06 
151000 3.3447166E-06 
151100 3.3297674E-06 
151200 3.3148838E-06 
151300 3.3000651E-06 
151400 3.2853115E-06 
151500 3.2706225E-06 
151600 3.2559979E-06 
151700 3.2414373E-06 
151800 3.2269406E-06 
151900 3.2125074E-06 
152000 3.1981376E-06 
152100 3.1838308E-06 
152200 3.1695865E-06 
152300 3.1554048E-06 
152400 3.1412853E-06 
152500 3.1272277E-06 
152600 3.113232E-06 
152700 3.0992974E-06 
152800 3.0854239E-06 
152900 3.0716117E-06 
153000 3.0578597E-06 
153100 3.0441681E-06 
153200 3.0305368E-06 
153300 3.0169654E-06 
153400 3.0034535E-06 
153500 2.9900009E-06 
153600 2.9766072E-06 
153700 2.9632727E-06 
153800 2.9499965E-06 
153900 2.9367786E-06 
154000 2.9236189E-06 
154100 2.9105172E-06 
154200 2.8974728E-06 
154300 2.8844859E-06 
154400 2.871556E-06 
154500 2.858683E-06 
154600 2.8458667E-06 
154700 2.8331067E-06 
154800 2.8204026E-06 
154900 2.8077545E-06 
155000 2.7951621E-06 
155100 2.7826252E-06 
155200 2.7701433E-06 
155300 2.7577164E-06 
155400 2.7453443E-06 
155500 2.7330263E-06 
155600 2.720763E-06 
155700 2.7085534E-06 
155800 2.6963976E-06 
155900 2.6842954E-06 
156000 2.6722464E-06 
156100 2.6602504E-06 
156200 2.6483074E-06 
156300 2.6364169E-06 
156400 2.6245789E-06 
156500 2.612793E-06 
156600 2.6010591E-06 
156700 2.5893769E-06 
156800 2.577746E-06 
156900 2.5661666E-06 
157000 2.5546383E-06 
157100 2.5431607E-06 
157200 2.5317338E-06 
157300 2.5203572E-06 
157400 2.5090308E-06 
157500 2.4977544E-06 
157600 2.4865276E-06 
157700 2.4753506E-06 
157800 2.4642227E-06 
157900 2.4531439E-06 
158000 2.4421142E-06 
158100 2.431133E-06 
158200 2.4202004E-06 
158300 2.409316E-06 
158400 2.3984799E-06 
158500 2.3876914E-06 
158600 2.3769505E-06 
158700 2.3662571E-06 
158800 2.3556111E-06 
158900 2.345012E-06 
159000 2.3344596E-06 
159100 2.323954E-06 
159200 2.3134949E-06 
159300 2.3030818E-06 
159400 2.292715E-06 
159500 2.2823938E-06 
159600 2.2721183E-06 
159700 2.2618883E-06 
159800 2.2517036E-06 
159900 2.2415638E-06 
160000 2.2314689E-06 
160100 2.2214185E-06 
160200 2.2114129E-06 
160300 2.2014513E-06 
160400 2.1915339E-06 
160500 2.1816604E-06 
160600 2.1718306E-06 
160700 2.1620442E-06 
160800 2.1523012E-06 
160900 2.1426013E-06 
161000 2.1329442E-06 
161100 2.1233302E-06 
161200 2.1137587E-06 
161300 2.1042295E-06 
161400 2.0947425E-06 
161500 2.0852974E-06 
161600 2.0758944E-06 
161700 2.0665329E-06 
161800 2.0572129E-06 
161900 2.0479342E-06 
162000 2.0386967E-06 
162100 2.0295001E-06 
162200 2.0203445E-06 
162300 2.0112293E-06 
162400 2.0021544E-06 
162500 1.9931199E-06 
162600 1.9841254E-06 
162700 1.9751708E-06 
162800 1.9662559E-06 
162900 1.9573806E-06 
163000 1.9485447E-06 
163100 1.939748E-06 
163200 1.9309903E-06 
163300 1.9222714E-06 
163400 1.9135914E-06 
163500 1.9049497E-06 
163600 1.8963466E-06 
163700 1.8877815E-06 
163800 1.8792546E-06 
163900 1.8707653E-06 
164000 1.862314E-06 
164100 1.8539001E-06 
164200 1.8455236E-06 
164300 1.8371843E-06 
164400 1.828882E-06 
164500 1.8206167E-06 
164600 1.8123881E-06 
164700 1.804196E-06 
164800 1.7960404E-06 
164900 1.787921E-06 
165000 1.7798377E-06 
165100 1.7717904E-06 
165200 1.7637788E-06 
165300 1.7558028E-06 
165400 1.7478624E-06 
165500 1.7399573E-06 
165600 1.7320872E-06 
165700 1.7242522E-06 
165800 1.7164522E-06 
165900 1.7086868E-06 
166000 1.7009559E-06 
166100 1.6932595E-06 
166200 1.6855972E-06 
166300 1.6779692E-06 
166400 1.670375E-06 
166500 1.6628147E-06 
166600 1.6552881E-06 
166700 1.647795E-06 
166800 1.6403352E-06 
166900 1.6329086E-06 
167000 1.6255152E-06 
167100 1.6181547E-06 
167200 1.6108269E-06 
167300 1.6035318E-06 
167400 1.5962693E-06 
167500 1.589039E-06 
167600 1.581841E-06 
167700 1.5746751E-06 
167800 1.5675412E-06 
167900 1.560439E-06 
168000 1.5533685E-06 
168100 1.5463296E-06 
168200 1.5393219E-06 
168300 1.5323457E-06 
168400 1.5254004E-06 
168500 1.5184862E-06 
168600 1.5116028E-06 
168700 1.5047501E-06 
168800 1.497928E-06 
168900 1.4911363E-06 
169000 1.484375E-06 
169100 1.4776439E-06 
169200 1.4709427E-06 
169300 1.4642715E-06 
169400 1.4576301E-06 
169500 1.4510183E-06 
169600 1.444436E-06 
169700 1.4378832E-06 
169800 1.4313596E-06 
169900 1.4248651E-06 
170000 1.4183996E-06 
170100 1.411963E-06 
170200 1.4055552E-06 
170300 1.399176E-06 
170400 1.3928253E-06 
170500 1.386503E-06 
170600 1.3802089E-06 
170700 1.3739431E-06 
170800 1.3677051E-06 
170900 1.3614952E-06 
171000 1.3553129E-06 
171100 1.3491582E-06 
171200 1.3430312E-06 
171300 1.3369314E-06 
171400 1.3308589E-06 
171500 1.3248138E-06 
171600 1.3187955E-06 
171700 1.3128042E-06 
171800 1.3068397E-06 
171900 1.3009019E-06 
172000 1.2949907E-06 
172100 1.289106E-06 
172200 1.2832475E-06 
172300 1.2774152E-06 
172400 1.2716091E-06 
172500 1.265829E-06 
172600 1.2600748E-06 
172700 1.2543463E-06 
172800 1.2486435E-06 
172900 1.2429662E-06 
173000 1.2373143E-06 
173100 1.2316879E-06 
173200 1.2260865E-06 
173300 1.2205103E-06 
173400 1.214959E-06 
173500 1.2094325E-06 
173600 1.203931E-06 
173700 1.198454E-06 
173800 1.1930016E-06 
173900 1.1875736E-06 
174000 1.18217E-06 
174100 1.1767905E-06 
174200 1.1714352E-06 
174300 1.1661039E-06 
174400 1.1607965E-06 
174500 1.1555129E-06 
174600 1.1502531E-06 
174700 1.1450168E-06 
174800 1.1398039E-06 
174900 1.1346145E-06 
175000 1.1294484E-06 
175100 1.1243054E-06 
175200 1.1191855E-06 
175300 1.1140886E-06 
175400 1.1090145E-06 
175500 1.1039633E-06 
175600 1.0989347E-06 
175700 1.0939287E-06 
175800 1.0889452E-06 
175900 1.083984E-06 
176000 1.0790451E-06 
176100 1.0741284E-06 
176200 1.0692338E-06 
176300 1.0643612E-06 
176400 1.0595104E-06 
176500 1.0546814E-06 
176600 1.0498742E-06 
176700 1.0450884E-06 
176800 1.0403243E-06 
176900 1.0355816E-06 
177000 1.0308601E-06 
177100 1.0261599E-06 
177200 1.0214808E-06 
177300 1.0168227E-06 
177400 1.0121856E-06 
177500 1.0075693E-06 
177600 1.0029738E-06 
177700 9.9839895E-07 
177800 9.9384465E-07 
177900 9.8931082E-07 
178000 9.8479745E-07 
178100 9.8030432E-07 
178200 9.7583143E-07 
178300 9.7137865E-07 
178400 9.6694589E-07 
178500 9.6253314E-07 
178600 9.5814016E-07 
178700 9.5376697E-07 
178800 9.494135E-07 
178900 9.4507965E-07 
179000 9.4076523E-07 
179100 9.3647026E-07 
179200 9.3219467E-07 
179300 9.2793829E-07 
179400 9.2370107E-07 
179500 9.1948294E-07 
179600 9.1528381E-07 
179700 9.111036E-07 
179800 9.069422E-07 
179900 9.0279957E-07 
180000 8.9867558E-07 
180100 8.9457018E-07 
180200 8.9048331E-07 
180300 8.864148E-07 
180400 8.8236465E-07 
180500 8.7833274E-07 
180600 8.7431903E-07 
180700 8.7032339E-07 
180800 8.6634577E-07 
180900 8.6238612E-07 
181000 8.5844425E-07 
181100 8.5452018E-07 
181200 8.5061384E-07 
181300 8.4672507E-07 
181400 8.4285386E-07 
181500 8.3900011E-07 
181600 8.3516375E-07 
181700 8.3134466E-07 
181800 8.2754286E-07 
181900 8.2375817E-07 
182000 8.1999053E-07 
182100 8.1623995E-07 
182200 8.125063E-07 
182300 8.0878942E-07 
182400 8.0508937E-07 
182500 8.0140603E-07 
182600 7.9773935E-07 
182700 7.9408915E-07 
182800 7.9045549E-07 
182900 7.868382E-07 
183000 7.8323723E-07 
183100 7.7965257E-07 
183200 7.7608405E-07 
183300 7.7253168E-07 
183400 7.6899533E-07 
183500 7.6547497E-07 
183600 7.6197051E-07 
183700 7.5848192E-07 
183800 7.5500907E-07 
183900 7.5155191E-07 
184000 7.4811038E-07 
184100 7.4468437E-07 
184200 7.4127388E-07 
184300 7.3787879E-07 
184400 7.3449905E-07 
184500 7.3113461E-07 
184600 7.2778533E-07 
184700 7.2445124E-07 
184800 7.2113221E-07 
184900 7.1782819E-07 
185000 7.1453911E-07 
185100 7.1126487E-07 
185200 7.0800547E-07 
185300 7.0476085E-07 
185400 7.0153089E-07 
185500 6.9831549E-07 
185600 6.9511469E-07 
185700 6.9192839E-07 
185800 6.8875647E-07 
185900 6.8559893E-07 
186000 6.8245566E-07 
186100 6.793266E-07 
186200 6.7621176E-07 
186300 6.7311095E-07 
186400 6.7002424E-07 
186500 6.6695145E-07 
186600 6.6389265E-07 
186700 6.608476E-07 
186800 6.5781643E-07 
186900 6.5479895E-07 
187000 6.5179512E-07 
187100 6.4880493E-07 
187200 6.4582827E-07 
187300 6.4286507E-07 
187400 6.3991536E-07 
187500 6.3697894E-07 
187600 6.3405588E-07 
187700 6.3114601E-07 
187800 6.2824938E-07 
187900 6.2536589E-07 
188000 6.2249541E-07 
188100 6.1963794E-07 
188200 6.167935E-07 
188300 6.139619E-07 
188400 6.1114315E-07 
188500 6.0833719E-07 
188600 6.055439E-07 
188700 6.0276335E-07 
188800 5.9999536E-07 
188900 5.9723993E-07 
189000 5.9449701E-07 
189100 5.9176654E-07 
189200 5.8904845E-07 
189300 5.8634265E-07 
189400 5.8364918E-07 
189500 5.8096794E-07 
189600 5.782988E-07 
189700 5.7564182E-07 
189800 5.729969E-07 
189900 5.7036397E-07 
190000 5.6774303E-07 
190100 5.6513392E-07 
190200 5.6253668E-07 
190300 5.5995127E-07 
190400 5.5737758E-07 
190500 5.5481553E-07 
190600 5.5226513E-07 
190700 5.4972634E-07 
190800 5.4719908E-07 
190900 5.446833E-07 
191000 5.421789E-07 
191100 5.3968591E-07 
191200 5.3720424E-07 
191300 5.3473389E-07 
191400 5.3227473E-07 
191500 5.2982671E-07 
191600 5.2738983E-07 
191700 5.2496404E-07 
191800 5.2254927E-07 
191900 5.2014548E-07 
192000 5.177526E-07 
192100 5.1537063E-07 
192200 5.1299946E-07 
192300 5.1063904E-07 
192400 5.0828942E-07 
192500 5.0595042E-07 
192600 5.0362212E-07 
192700 5.0130433E-07 
192800 4.9899717E-07 
192900 4.9670041E-07 
193000 4.9441417E-07 
193100 4.9213833E-07 
193200 4.8987278E-07 
193300 4.8761757E-07 
193400 4.8537265E-07 
193500 4.8313791E-07 
193600 4.8091334E-07 
193700 4.7869889E-07 
193800 4.7649451E-07 
193900 4.7430018E-07 
194000 4.7211583E-07 
194100 4.6994143E-07 
194200 4.6777694E-07 
194300 4.6562229E-07 
194400 4.6347745E-07 
194500 4.6134235E-07 
194600 4.5921701E-07 
194700 4.5710132E-07 
194800 4.5499527E-07 
194900 4.5289883E-07 
195000 4.5081194E-07 
195100 4.4873454E-07 
195200 4.466666E-07 
195300 4.4460808E-07 
195400 4.4255896E-07 
195500 4.4051916E-07 
195600 4.3848863E-07 
195700 4.3646739E-07 
195800 4.3445533E-07 
195900 4.3245245E-07 
196000 4.3045873E-07 
196100 4.2847407E-07 
196200 4.2649845E-07 
196300 4.2453183E-07 
196400 4.225742E-07 
196500 4.2062547E-07 
196600 4.1868563E-07 
196700 4.1675466E-07 
196800 4.1483247E-07 
196900 4.1291904E-07 
197000 4.1101435E-07 
197100 4.0911834E-07 
197200 4.07231E-07 
197300 4.0535224E-07 
197400 4.0348206E-07 
197500 4.0162041E-07 
197600 3.9976726E-07 
197700 3.9792255E-07 
197800 3.9608628E-07 
197900 3.9425836E-07 
198000 3.9243881E-07 
198100 3.9062755E-07 
198200 3.8882456E-07 
198300 3.8702981E-07 
198400 3.8524323E-07 
198500 3.8346482E-07 
198600 3.8169452E-07 
198700 3.7993232E-07 
198800 3.7817816E-07 
198900 3.7643198E-07 
199000 3.746938E-07 
199100 3.7296354E-07 
199200 3.7124121E-07 
199300 3.6952673E-07 
199400 3.6782009E-07 
199500 3.6612124E-07 
199600 3.6443015E-07 
199700 3.6274676E-07 
199800 3.610711E-07 
199900 3.5940309E-07 
200000 3.5774266E-07 
