1000 0.00011753088 
1100 0.00012496697 
1200 0.00013213247 
1300 0.00013905346 
1400 0.0001457515 
1500 0.00015224463 
1600 0.00015854814 
1700 0.00016467516 
1800 0.00017063713 
1900 0.00017644397 
2000 0.00018210452 
2100 0.00018762655 
2200 0.00019301707 
2300 0.00019828236 
2400 0.00020342808 
2500 0.0002084594 
2600 0.000213381 
2700 0.00021819722 
2800 0.000222912 
2900 0.000227529 
3000 0.00023205162 
3100 0.000236483 
3200 0.00024082605 
3300 0.0002450835 
3400 0.00024925795 
3500 0.00025335178 
3600 0.00025736724 
3700 0.00026130647 
3800 0.00026517146 
3900 0.00026896416 
4000 0.00027268633 
4100 0.00027633971 
4200 0.00027992588 
4300 0.00028344645 
4400 0.00028690285 
4500 0.00029029654 
4600 0.00029362884 
4700 0.00029690104 
4800 0.00030011439 
4900 0.00030327009 
5000 0.00030636927 
5100 0.00030941304 
5200 0.00031240241 
5300 0.00031533846 
5400 0.00031822216 
5500 0.00032105445 
5600 0.00032383626 
5700 0.00032656844 
5800 0.0003292519 
5900 0.00033188742 
6000 0.00033447586 
6100 0.00033701796 
6200 0.00033951452 
6300 0.00034196622 
6400 0.00034437384 
6500 0.00034673803 
6600 0.0003490595 
6700 0.00035133885 
6800 0.00035357682 
6900 0.00035577393 
7000 0.00035793087 
7100 0.0003600482 
7200 0.00036212651 
7300 0.00036416636 
7400 0.0003661683 
7500 0.0003681329 
7600 0.00037006065 
7700 0.00037195208 
7800 0.00037380771 
7900 0.00037562801 
8000 0.0003774135 
8100 0.00037916462 
8200 0.00038088186 
8300 0.00038256566 
8400 0.00038421649 
8500 0.00038583475 
8600 0.00038742091 
8700 0.00038897534 
8800 0.00039049849 
8900 0.00039199076 
9000 0.00039345256 
9100 0.00039488426 
9200 0.00039628628 
9300 0.00039765894 
9400 0.00039900266 
9500 0.00040031777 
9600 0.00040160466 
9700 0.00040286366 
9800 0.00040409513 
9900 0.00040529939 
10000 0.00040647681 
10100 0.0004076277 
10200 0.00040875238 
10300 0.0004098512 
10400 0.00041092443 
10500 0.0004119724 
10600 0.00041299543 
10700 0.00041399381 
10800 0.00041496783 
10900 0.00041591781 
11000 0.00041684401 
11100 0.00041774672 
11200 0.00041862621 
11300 0.00041948276 
11400 0.00042031668 
11500 0.00042112818 
11600 0.00042191756 
11700 0.00042268509 
11800 0.00042343099 
11900 0.00042415556 
12000 0.000424859 
12100 0.0004255416 
12200 0.00042620359 
12300 0.00042684522 
12400 0.0004274667 
12500 0.00042806828 
12600 0.00042865021 
12700 0.00042921267 
12800 0.00042975595 
12900 0.00043028023 
13000 0.00043078573 
13100 0.0004312727 
13200 0.00043174133 
13300 0.00043219185 
13400 0.00043262445 
13500 0.00043303933 
13600 0.00043343674 
13700 0.00043381684 
13800 0.00043417982 
13900 0.00043452592 
14000 0.00043485532 
14100 0.00043516821 
14200 0.00043546478 
14300 0.0004357452 
14400 0.00043600969 
14500 0.00043625841 
14600 0.00043649157 
14700 0.00043670932 
14800 0.00043691188 
14900 0.00043709937 
15000 0.00043727198 
15100 0.00043742993 
15200 0.00043757333 
15300 0.00043770237 
15400 0.00043781725 
15500 0.00043791806 
15600 0.00043800502 
15700 0.00043807831 
15800 0.00043813803 
15900 0.00043818439 
16000 0.00043821751 
16100 0.00043823756 
16200 0.00043824469 
16300 0.00043823905 
16400 0.0004382208 
16500 0.00043819007 
16600 0.00043814702 
16700 0.00043809178 
16800 0.00043802452 
16900 0.00043794536 
17000 0.00043785444 
17100 0.00043775194 
17200 0.00043763794 
17300 0.00043751259 
17400 0.00043737606 
17500 0.00043722845 
17600 0.00043706989 
17700 0.00043690053 
17800 0.0004367205 
17900 0.0004365299 
18000 0.0004363289 
18100 0.00043611758 
18200 0.0004358961 
18300 0.00043566455 
18400 0.00043542311 
18500 0.00043517182 
18600 0.00043491085 
18700 0.00043464033 
18800 0.00043436032 
18900 0.000434071 
19000 0.00043377245 
19100 0.0004334648 
19200 0.00043314815 
19300 0.00043282259 
19400 0.00043248828 
19500 0.00043214529 
19600 0.00043179374 
19700 0.00043143373 
19800 0.00043106539 
19900 0.00043068879 
20000 0.00043030406 
20100 0.00042991131 
20200 0.0004295106 
20300 0.00042910207 
20400 0.00042868583 
20500 0.00042826193 
20600 0.0004278305 
20700 0.00042739164 
20800 0.00042694542 
20900 0.00042649198 
21000 0.00042603136 
21100 0.00042556369 
21200 0.00042508906 
21300 0.00042460757 
21400 0.00042411927 
21500 0.00042362427 
21600 0.00042312266 
21700 0.00042261454 
21800 0.00042209998 
21900 0.00042157911 
22000 0.00042105195 
22100 0.00042051863 
22200 0.00041997919 
22300 0.00041943375 
22400 0.00041888241 
22500 0.00041832522 
22600 0.00041776223 
22700 0.0004171936 
22800 0.00041661932 
22900 0.00041603955 
23000 0.00041545433 
23100 0.00041486372 
23200 0.00041426782 
23300 0.00041366671 
23400 0.00041306045 
23500 0.00041244912 
23600 0.00041183279 
23700 0.00041121151 
23800 0.0004105854 
23900 0.00040995452 
24000 0.00040931892 
24100 0.00040867866 
24200 0.00040803384 
24300 0.0004073845 
24400 0.00040673075 
24500 0.00040607262 
24600 0.00040541016 
24700 0.00040474351 
24800 0.00040407266 
24900 0.00040339769 
25000 0.0004027187 
25100 0.00040203572 
25200 0.00040134884 
25300 0.00040065809 
25400 0.00039996355 
25500 0.00039926529 
25600 0.00039856334 
25700 0.0003978578 
25800 0.00039714869 
25900 0.00039643608 
26000 0.00039572004 
26100 0.00039500065 
26200 0.00039427791 
26300 0.00039355192 
26400 0.00039282272 
26500 0.00039209035 
26600 0.0003913549 
26700 0.00039061642 
26800 0.00038987491 
26900 0.0003891305 
27000 0.0003883832 
27100 0.00038763307 
27200 0.00038688016 
27300 0.00038612451 
27400 0.00038536618 
27500 0.00038460523 
27600 0.00038384172 
27700 0.00038307568 
27800 0.00038230713 
27900 0.00038153617 
28000 0.00038076285 
28100 0.00037998718 
28200 0.0003792092 
28300 0.00037842899 
28400 0.00037764659 
28500 0.00037686207 
28600 0.00037607539 
28700 0.00037528668 
28800 0.00037449595 
28900 0.00037370325 
29000 0.00037290863 
29100 0.00037211212 
29200 0.00037131377 
29300 0.00037051362 
29400 0.00036971169 
29500 0.00036890808 
29600 0.00036810277 
29700 0.00036729584 
29800 0.00036648728 
29900 0.0003656772 
30000 0.00036486558 
30100 0.00036405251 
30200 0.00036323798 
30300 0.00036242206 
30400 0.00036160476 
30500 0.00036078616 
30600 0.00035996625 
30700 0.00035914511 
30800 0.00035832275 
30900 0.0003574992 
31000 0.00035667451 
31100 0.00035584869 
31200 0.00035502182 
31300 0.00035419391 
31400 0.000353365 
31500 0.00035253511 
31600 0.00035170428 
31700 0.00035087255 
31800 0.00035003995 
31900 0.0003492065 
32000 0.00034837227 
32100 0.00034753725 
32200 0.00034670148 
32300 0.000345865 
32400 0.00034502783 
32500 0.00034419002 
32600 0.0003433516 
32700 0.00034251256 
32800 0.00034167297 
32900 0.00034083286 
33000 0.00033999223 
33100 0.00033915116 
33200 0.00033830959 
33300 0.00033746765 
33400 0.00033662529 
33500 0.00033578259 
33600 0.00033493954 
33700 0.00033409617 
33800 0.00033325254 
33900 0.00033240864 
34000 0.00033156452 
34100 0.00033072018 
34200 0.00032987568 
34300 0.00032903103 
34400 0.00032818623 
34500 0.00032734135 
34600 0.00032649637 
34700 0.00032565134 
34800 0.00032480629 
34900 0.00032396123 
35000 0.0003231162 
35100 0.0003222712 
35200 0.00032142625 
35300 0.0003205814 
35400 0.00031973663 
35500 0.00031889204 
35600 0.00031804756 
35700 0.00031720326 
35800 0.00031635916 
35900 0.0003155153 
36000 0.00031467163 
36100 0.00031382826 
36200 0.00031298515 
36300 0.00031214234 
36400 0.00031129984 
36500 0.00031045769 
36600 0.00030961589 
36700 0.0003087745 
36800 0.00030793346 
36900 0.00030709288 
37000 0.00030625271 
37100 0.00030541298 
37200 0.00030457374 
37300 0.000303735 
37400 0.00030289675 
37500 0.00030205902 
37600 0.00030122185 
37700 0.00030038523 
37800 0.00029954917 
37900 0.00029871374 
38000 0.0002978789 
38100 0.00029704469 
38200 0.00029621113 
38300 0.00029537821 
38400 0.00029454599 
38500 0.00029371443 
38600 0.0002928836 
38700 0.0002920535 
38800 0.00029122413 
38900 0.00029039552 
39000 0.00028956766 
39100 0.00028874059 
39200 0.0002879143 
39300 0.00028708883 
39400 0.0002862642 
39500 0.00028544039 
39600 0.00028461745 
39700 0.00028379535 
39800 0.00028297416 
39900 0.00028215384 
40000 0.00028133442 
40100 0.00028051593 
40200 0.00027969838 
40300 0.00027888178 
40400 0.00027806612 
40500 0.00027725141 
40600 0.0002764377 
40700 0.000275625 
40800 0.00027481327 
40900 0.00027400258 
41000 0.00027319291 
41100 0.00027238429 
41200 0.00027157672 
41300 0.00027077019 
41400 0.00026996474 
41500 0.00026916037 
41600 0.00026835711 
41700 0.00026755495 
41800 0.00026675389 
41900 0.00026595398 
42000 0.00026515516 
42100 0.00026435751 
42200 0.00026356103 
42300 0.00026276571 
42400 0.00026197155 
42500 0.00026117856 
42600 0.00026038679 
42700 0.00025959621 
42800 0.00025880683 
42900 0.00025801867 
43000 0.00025723176 
43100 0.00025644604 
43200 0.00025566161 
43300 0.00025487843 
43400 0.00025409649 
43500 0.00025331584 
43600 0.00025253644 
43700 0.00025175835 
43800 0.00025098154 
43900 0.00025020604 
44000 0.00024943182 
44100 0.00024865894 
44200 0.00024788739 
44300 0.00024711716 
44400 0.00024634827 
44500 0.00024558071 
44600 0.00024481452 
44700 0.00024404968 
44800 0.00024328619 
44900 0.00024252408 
45000 0.00024176335 
45100 0.000241004 
45200 0.00024024605 
45300 0.00023948948 
45400 0.00023873433 
45500 0.00023798057 
45600 0.00023722823 
45700 0.00023647731 
45800 0.00023572781 
45900 0.00023497974 
46000 0.00023423311 
46100 0.00023348791 
46200 0.00023274416 
46300 0.00023200187 
46400 0.00023126103 
46500 0.00023052165 
46600 0.00022978373 
46700 0.00022904729 
46800 0.00022831232 
46900 0.00022757883 
47000 0.00022684682 
47100 0.0002261163 
47200 0.00022538728 
47300 0.00022465976 
47400 0.00022393373 
47500 0.00022320921 
47600 0.0002224862 
47700 0.00022176468 
47800 0.0002210447 
47900 0.00022032624 
48000 0.0002196093 
48100 0.00021889388 
48200 0.00021818001 
48300 0.00021746765 
48400 0.00021675685 
48500 0.00021604757 
48600 0.00021533985 
48700 0.00021463366 
48800 0.00021392903 
48900 0.00021322595 
49000 0.00021252444 
49100 0.00021182447 
49200 0.00021112607 
49300 0.00021042924 
49400 0.00020973397 
49500 0.00020904027 
49600 0.00020834814 
49700 0.00020765758 
49800 0.0002069686 
49900 0.0002062812 
50000 0.00020559538 
50100 0.00020491114 
50200 0.00020422848 
50300 0.00020354742 
50400 0.00020286793 
50500 0.00020219004 
50600 0.00020151374 
50700 0.00020083904 
50800 0.00020016593 
50900 0.00019949442 
51000 0.00019882451 
51100 0.00019815619 
51200 0.00019748948 
51300 0.00019682437 
51400 0.00019616087 
51500 0.00019549897 
51600 0.00019483868 
51700 0.00019417999 
51800 0.00019352291 
51900 0.00019286745 
52000 0.00019221359 
52100 0.00019156134 
52200 0.00019091071 
52300 0.00019026169 
52400 0.00018961428 
52500 0.00018896849 
52600 0.00018832432 
52700 0.00018768176 
52800 0.00018704082 
52900 0.00018640149 
53000 0.00018576378 
53100 0.00018512769 
53200 0.00018449321 
53300 0.00018386036 
53400 0.00018322912 
53500 0.0001825995 
53600 0.00018197151 
53700 0.00018134512 
53800 0.00018072037 
53900 0.00018009722 
54000 0.00017947571 
54100 0.0001788558 
54200 0.00017823752 
54300 0.00017762085 
54400 0.00017700582 
54500 0.00017639238 
54600 0.00017578057 
54700 0.00017517038 
54800 0.00017456181 
54900 0.00017395485 
55000 0.00017334952 
55100 0.00017274579 
55200 0.00017214367 
55300 0.00017154319 
55400 0.0001709443 
55500 0.00017034705 
55600 0.00016975139 
55700 0.00016915736 
55800 0.00016856492 
55900 0.00016797411 
56000 0.0001673849 
56100 0.00016679731 
56200 0.00016621132 
56300 0.00016562693 
56400 0.00016504417 
56500 0.000164463 
56600 0.00016388344 
56700 0.00016330548 
56800 0.00016272912 
56900 0.00016215436 
57000 0.00016158121 
57100 0.00016100965 
57200 0.00016043968 
57300 0.00015987133 
57400 0.00015930456 
57500 0.00015873938 
57600 0.0001581758 
57700 0.00015761382 
57800 0.00015705341 
57900 0.0001564946 
58000 0.00015593738 
58100 0.00015538174 
58200 0.00015482769 
58300 0.00015427521 
58400 0.00015372432 
58500 0.00015317502 
58600 0.00015262728 
58700 0.00015208112 
58800 0.00015153654 
58900 0.00015099354 
59000 0.00015045209 
59100 0.00014991223 
59200 0.00014937393 
59300 0.00014883719 
59400 0.00014830202 
59500 0.00014776841 
59600 0.00014723637 
59700 0.00014670588 
59800 0.00014617694 
59900 0.00014564955 
60000 0.00014512373 
60100 0.00014459946 
60200 0.00014407672 
60300 0.00014355555 
60400 0.00014303591 
60500 0.00014251782 
60600 0.00014200127 
60700 0.00014148626 
60800 0.00014097278 
60900 0.00014046083 
61000 0.00013995043 
61100 0.00013944154 
61200 0.00013893419 
61300 0.00013842837 
61400 0.00013792407 
61500 0.00013742129 
61600 0.00013692002 
61700 0.00013642028 
61800 0.00013592205 
61900 0.00013542532 
62000 0.00013493012 
62100 0.00013443641 
62200 0.00013394421 
62300 0.00013345352 
62400 0.00013296431 
62500 0.00013247662 
62600 0.00013199041 
62700 0.0001315057 
62800 0.00013102249 
62900 0.00013054076 
63000 0.00013006051 
63100 0.00012958175 
63200 0.00012910448 
63300 0.00012862867 
63400 0.00012815434 
63500 0.00012768149 
63600 0.00012721009 
63700 0.00012674018 
63800 0.00012627173 
63900 0.00012580474 
64000 0.00012533921 
64100 0.00012487514 
64200 0.00012441252 
64300 0.00012395135 
64400 0.00012349164 
64500 0.00012303337 
64600 0.00012257654 
64700 0.00012212116 
64800 0.00012166722 
64900 0.0001212147 
65000 0.00012076363 
65100 0.00012031398 
65200 0.00011986577 
65300 0.00011941898 
65400 0.00011897361 
65500 0.00011852965 
65600 0.00011808712 
65700 0.000117646 
65800 0.00011720628 
65900 0.00011676799 
66000 0.00011633109 
66100 0.00011589559 
66200 0.0001154615 
66300 0.0001150288 
66400 0.0001145975 
66500 0.00011416759 
66600 0.00011373906 
66700 0.00011331192 
66800 0.00011288617 
66900 0.00011246179 
67000 0.00011203879 
67100 0.00011161717 
67200 0.00011119691 
67300 0.00011077803 
67400 0.0001103605 
67500 0.00010994434 
67600 0.00010952954 
67700 0.0001091161 
67800 0.00010870401 
67900 0.00010829326 
68000 0.00010788387 
68100 0.00010747582 
68200 0.00010706911 
68300 0.00010666374 
68400 0.00010625971 
68500 0.00010585701 
68600 0.00010545563 
68700 0.00010505559 
68800 0.00010465687 
68900 0.00010425947 
69000 0.00010386338 
69100 0.00010346861 
69200 0.00010307515 
69300 0.000102683 
69400 0.00010229216 
69500 0.00010190261 
69600 0.00010151437 
69700 0.00010112742 
69800 0.00010074177 
69900 0.0001003574 
70000 9.9974328E-05 
70100 9.9592529E-05 
70200 9.9212019E-05 
70300 9.8832788E-05 
70400 9.8454824E-05 
70500 9.8078141E-05 
70600 9.7702723E-05 
70700 9.7328564E-05 
70800 9.6955679E-05 
70900 9.6584045E-05 
71000 9.6213669E-05 
71100 9.5844553E-05 
71200 9.547668E-05 
71300 9.5110052E-05 
71400 9.4744675E-05 
71500 9.4380535E-05 
71600 9.4017632E-05 
71700 9.3655966E-05 
71800 9.3295537E-05 
71900 9.293633E-05 
72000 9.2578353E-05 
72100 9.2221591E-05 
72200 9.1866059E-05 
72300 9.1511734E-05 
72400 9.1158625E-05 
72500 9.080673E-05 
72600 9.0456037E-05 
72700 9.010655E-05 
72800 8.9758265E-05 
72900 8.941118E-05 
73000 8.9065281E-05 
73100 8.8720582E-05 
73200 8.837707E-05 
73300 8.8034743E-05 
73400 8.7693596E-05 
73500 8.7353626E-05 
73600 8.7014836E-05 
73700 8.6677217E-05 
73800 8.6340769E-05 
73900 8.6005493E-05 
74000 8.5671374E-05 
74100 8.5338419E-05 
74200 8.5006621E-05 
74300 8.4675979E-05 
74400 8.4346488E-05 
74500 8.4018138E-05 
74600 8.3690946E-05 
74700 8.3364888E-05 
74800 8.3039966E-05 
74900 8.2716186E-05 
75000 8.2393541E-05 
75100 8.2072023E-05 
75200 8.1751627E-05 
75300 8.1432358E-05 
75400 8.1114209E-05 
75500 8.0797181E-05 
75600 8.0481266E-05 
75700 8.0166465E-05 
75800 7.9852769E-05 
75900 7.9540179E-05 
76000 7.9228688E-05 
76100 7.8918303E-05 
76200 7.860901E-05 
76300 7.8300807E-05 
76400 7.7993696E-05 
76500 7.7687677E-05 
76600 7.7382734E-05 
76700 7.7078876E-05 
76800 7.6776101E-05 
76900 7.6474389E-05 
77000 7.6173761E-05 
77100 7.5874195E-05 
77200 7.5575692E-05 
77300 7.5278258E-05 
77400 7.4981879E-05 
77500 7.4686563E-05 
77600 7.4392294E-05 
77700 7.409908E-05 
77800 7.3806914E-05 
77900 7.3515788E-05 
78000 7.3225703E-05 
78100 7.2936658E-05 
78200 7.2648654E-05 
78300 7.2361676E-05 
78400 7.2075731E-05 
78500 7.1790811E-05 
78600 7.1506918E-05 
78700 7.1224043E-05 
78800 7.094218E-05 
78900 7.0661343E-05 
79000 7.0381509E-05 
79100 7.0102687E-05 
79200 6.982487E-05 
79300 6.9548056E-05 
79400 6.9272239E-05 
79500 6.8997419E-05 
79600 6.8723595E-05 
79700 6.8450769E-05 
79800 6.8178917E-05 
79900 6.7908062E-05 
80000 6.7638182E-05 
80100 6.7369285E-05 
80200 6.7101362E-05 
80300 6.6834415E-05 
80400 6.6568435E-05 
80500 6.6303422E-05 
80600 6.6039378E-05 
80700 6.5776294E-05 
80800 6.551417E-05 
80900 6.5253E-05 
81000 6.4992782E-05 
81100 6.4733518E-05 
81200 6.44752E-05 
81300 6.421782E-05 
81400 6.3961386E-05 
81500 6.3705891E-05 
81600 6.3451334E-05 
81700 6.3197709E-05 
81800 6.2945015E-05 
81900 6.2693245E-05 
82000 6.2442399E-05 
82100 6.2192477E-05 
82200 6.1943472E-05 
82300 6.1695384E-05 
82400 6.1448205E-05 
82500 6.1201943E-05 
82600 6.0956583E-05 
82700 6.0712129E-05 
82800 6.0468577E-05 
82900 6.0225924E-05 
83000 5.998417E-05 
83100 5.9743306E-05 
83200 5.9503334E-05 
83300 5.9264246E-05 
83400 5.9026046E-05 
83500 5.878873E-05 
83600 5.855229E-05 
83700 5.8316731E-05 
83800 5.8082042E-05 
83900 5.7848225E-05 
84000 5.7615278E-05 
84100 5.7383193E-05 
84200 5.7151974E-05 
84300 5.6921614E-05 
84400 5.6692112E-05 
84500 5.6463465E-05 
84600 5.6235669E-05 
84700 5.6008725E-05 
84800 5.5782624E-05 
84900 5.5557368E-05 
85000 5.5332956E-05 
85100 5.510938E-05 
85200 5.4886641E-05 
85300 5.4664732E-05 
85400 5.4443659E-05 
85500 5.4223408E-05 
85600 5.4003987E-05 
85700 5.3785385E-05 
85800 5.3567604E-05 
85900 5.3350639E-05 
86000 5.3134492E-05 
86100 5.2919153E-05 
86200 5.2704625E-05 
86300 5.2490905E-05 
86400 5.2277988E-05 
86500 5.2065872E-05 
86600 5.1854557E-05 
86700 5.1644034E-05 
86800 5.1434308E-05 
86900 5.1225372E-05 
87000 5.1017225E-05 
87100 5.0809864E-05 
87200 5.0603285E-05 
87300 5.0397484E-05 
87400 5.0192466E-05 
87500 4.9988223E-05 
87600 4.978475E-05 
87700 4.958205E-05 
87800 4.938012E-05 
87900 4.9178951E-05 
88000 4.8978549E-05 
88100 4.8778904E-05 
88200 4.8580019E-05 
88300 4.8381888E-05 
88400 4.8184509E-05 
88500 4.7987884E-05 
88600 4.7792004E-05 
88700 4.759687E-05 
88800 4.7402478E-05 
88900 4.7208829E-05 
89000 4.7015914E-05 
89100 4.6823738E-05 
89200 4.6632293E-05 
89300 4.6441579E-05 
89400 4.6251593E-05 
89500 4.6062331E-05 
89600 4.5873796E-05 
89700 4.5685978E-05 
89800 4.549888E-05 
89900 4.5312499E-05 
90000 4.5126832E-05 
90100 4.4941873E-05 
90200 4.4757624E-05 
90300 4.4574084E-05 
90400 4.4391247E-05 
90500 4.4209108E-05 
90600 4.4027671E-05 
90700 4.3846932E-05 
90800 4.3666885E-05 
90900 4.3487529E-05 
91000 4.3308864E-05 
91100 4.3130891E-05 
91200 4.2953598E-05 
91300 4.2776988E-05 
91400 4.2601059E-05 
91500 4.2425807E-05 
91600 4.2251231E-05 
91700 4.2077332E-05 
91800 4.1904099E-05 
91900 4.1731539E-05 
92000 4.1559644E-05 
92100 4.1388412E-05 
92200 4.1217841E-05 
92300 4.1047933E-05 
92400 4.087868E-05 
92500 4.0710085E-05 
92600 4.0542142E-05 
92700 4.0374845E-05 
92800 4.0208201E-05 
92900 4.0042203E-05 
93000 3.9876846E-05 
93100 3.9712133E-05 
93200 3.954806E-05 
93300 3.9384624E-05 
93400 3.9221821E-05 
93500 3.9059651E-05 
93600 3.8898113E-05 
93700 3.8737202E-05 
93800 3.857692E-05 
93900 3.841726E-05 
94000 3.8258222E-05 
94100 3.8099803E-05 
94200 3.7942002E-05 
94300 3.7784816E-05 
94400 3.7628244E-05 
94500 3.747228E-05 
94600 3.7316931E-05 
94700 3.7162183E-05 
94800 3.7008042E-05 
94900 3.6854504E-05 
95000 3.6701567E-05 
95100 3.6549227E-05 
95200 3.6397483E-05 
95300 3.6246332E-05 
95400 3.6095775E-05 
95500 3.5945806E-05 
95600 3.5796427E-05 
95700 3.5647634E-05 
95800 3.5499423E-05 
95900 3.5351793E-05 
96000 3.5204743E-05 
96100 3.505827E-05 
96200 3.4912373E-05 
96300 3.476705E-05 
96400 3.4622299E-05 
96500 3.4478115E-05 
96600 3.4334502E-05 
96700 3.4191449E-05 
96800 3.4048964E-05 
96900 3.3907036E-05 
97000 3.3765671E-05 
97100 3.3624863E-05 
97200 3.3484608E-05 
97300 3.3344906E-05 
97400 3.3205757E-05 
97500 3.3067157E-05 
97600 3.2929103E-05 
97700 3.2791595E-05 
97800 3.2654632E-05 
97900 3.2518208E-05 
98000 3.2382326E-05 
98100 3.2246982E-05 
98200 3.211217E-05 
98300 3.1977896E-05 
98400 3.1844149E-05 
98500 3.1710937E-05 
98600 3.1578249E-05 
98700 3.1446089E-05 
98800 3.1314452E-05 
98900 3.1183339E-05 
99000 3.1052743E-05 
99100 3.0922667E-05 
99200 3.0793111E-05 
99300 3.0664065E-05 
99400 3.0535535E-05 
99500 3.0407515E-05 
99600 3.0280004E-05 
99700 3.0153E-05 
99800 3.0026502E-05 
99900 2.9900508E-05 
100000 2.9775014E-05 
100100 2.9650022E-05 
100200 2.9525527E-05 
100300 2.9401528E-05 
100400 2.9278024E-05 
100500 2.9155013E-05 
100600 2.9032493E-05 
100700 2.8910461E-05 
100800 2.8788918E-05 
100900 2.8667859E-05 
101000 2.8547285E-05 
101100 2.8427192E-05 
101200 2.8307579E-05 
101300 2.8188446E-05 
101400 2.8069788E-05 
101500 2.7951604E-05 
101600 2.7833896E-05 
101700 2.7716658E-05 
101800 2.759989E-05 
101900 2.7483589E-05 
102000 2.7367756E-05 
102100 2.7252387E-05 
102200 2.7137481E-05 
102300 2.7023036E-05 
102400 2.6909049E-05 
102500 2.679552E-05 
102600 2.6682448E-05 
102700 2.6569831E-05 
102800 2.6457667E-05 
102900 2.6345951E-05 
103000 2.6234686E-05 
103100 2.6123869E-05 
103200 2.6013498E-05 
103300 2.5903571E-05 
103400 2.5794086E-05 
103500 2.5685044E-05 
103600 2.5576439E-05 
103700 2.5468273E-05 
103800 2.5360543E-05 
103900 2.5253248E-05 
104000 2.5146384E-05 
104100 2.5039953E-05 
104200 2.4933952E-05 
104300 2.4828378E-05 
104400 2.4723231E-05 
104500 2.4618508E-05 
104600 2.4514209E-05 
104700 2.4410332E-05 
104800 2.4306875E-05 
104900 2.4203835E-05 
105000 2.4101215E-05 
105100 2.3999008E-05 
105200 2.3897215E-05 
105300 2.3795834E-05 
105400 2.3694865E-05 
105500 2.3594304E-05 
105600 2.3494153E-05 
105700 2.3394407E-05 
105800 2.3295064E-05 
105900 2.3196124E-05 
106000 2.3097587E-05 
106100 2.2999451E-05 
106200 2.2901711E-05 
106300 2.280437E-05 
106400 2.2707423E-05 
106500 2.2610871E-05 
106600 2.2514712E-05 
106700 2.2418944E-05 
106800 2.2323564E-05 
106900 2.2228574E-05 
107000 2.2133971E-05 
107100 2.2039751E-05 
107200 2.1945916E-05 
107300 2.1852462E-05 
107400 2.175939E-05 
107500 2.1666698E-05 
107600 2.1574382E-05 
107700 2.1482445E-05 
107800 2.1390881E-05 
107900 2.1299691E-05 
108000 2.1208874E-05 
108100 2.1118427E-05 
108200 2.1028351E-05 
108300 2.0938642E-05 
108400 2.0849298E-05 
108500 2.0760321E-05 
108600 2.0671709E-05 
108700 2.0583457E-05 
108800 2.0495567E-05 
108900 2.0408035E-05 
109000 2.0320864E-05 
109100 2.0234049E-05 
109200 2.0147589E-05 
109300 2.0061483E-05 
109400 1.9975729E-05 
109500 1.9890329E-05 
109600 1.9805277E-05 
109700 1.9720574E-05 
109800 1.963622E-05 
109900 1.955221E-05 
110000 1.9468545E-05 
110100 1.9385225E-05 
110200 1.9302246E-05 
110300 1.9219609E-05 
110400 1.9137311E-05 
110500 1.9055351E-05 
110600 1.8973727E-05 
110700 1.8892439E-05 
110800 1.8811486E-05 
110900 1.8730865E-05 
111000 1.8650577E-05 
111100 1.8570619E-05 
111200 1.849099E-05 
111300 1.8411689E-05 
111400 1.8332716E-05 
111500 1.8254066E-05 
111600 1.817574E-05 
111700 1.8097739E-05 
111800 1.8020059E-05 
111900 1.7942699E-05 
112000 1.7865657E-05 
112100 1.7788934E-05 
112200 1.7712529E-05 
112300 1.7636437E-05 
112400 1.7560662E-05 
112500 1.7485198E-05 
112600 1.7410046E-05 
112700 1.7335204E-05 
112800 1.7260672E-05 
112900 1.7186449E-05 
113000 1.7112532E-05 
113100 1.7038921E-05 
113200 1.6965614E-05 
113300 1.6892611E-05 
113400 1.6819909E-05 
113500 1.674751E-05 
113600 1.6675411E-05 
113700 1.6603608E-05 
113800 1.6532105E-05 
113900 1.6460897E-05 
114000 1.6389986E-05 
114100 1.6319367E-05 
114200 1.6249041E-05 
114300 1.6179009E-05 
114400 1.6109265E-05 
114500 1.6039812E-05 
114600 1.5970647E-05 
114700 1.5901769E-05 
114800 1.5833177E-05 
114900 1.576487E-05 
115000 1.5696847E-05 
115100 1.5629108E-05 
115200 1.5561649E-05 
115300 1.549447E-05 
115400 1.5427573E-05 
115500 1.5360953E-05 
115600 1.5294609E-05 
115700 1.5228542E-05 
115800 1.516275E-05 
115900 1.5097233E-05 
116000 1.5031987E-05 
116100 1.4967014E-05 
116200 1.4902312E-05 
116300 1.4837879E-05 
116400 1.4773716E-05 
116500 1.4709819E-05 
116600 1.4646189E-05 
116700 1.4582824E-05 
116800 1.4519725E-05 
116900 1.4456888E-05 
117000 1.4394313E-05 
117100 1.4332E-05 
117200 1.4269947E-05 
117300 1.4208154E-05 
117400 1.4146618E-05 
117500 1.408534E-05 
117600 1.4024318E-05 
117700 1.3963551E-05 
117800 1.3903039E-05 
117900 1.3842779E-05 
118000 1.3782772E-05 
118100 1.3723015E-05 
118200 1.3663509E-05 
118300 1.3604252E-05 
118400 1.3545243E-05 
118500 1.3486481E-05 
118600 1.3427966E-05 
118700 1.3369696E-05 
118800 1.331167E-05 
118900 1.3253887E-05 
119000 1.3196346E-05 
119100 1.3139047E-05 
119200 1.3081988E-05 
119300 1.3025169E-05 
119400 1.2968588E-05 
119500 1.2912245E-05 
119600 1.2856138E-05 
119700 1.2800267E-05 
119800 1.274463E-05 
119900 1.2689227E-05 
120000 1.2634057E-05 
120100 1.2579119E-05 
120200 1.2524412E-05 
120300 1.2469935E-05 
120400 1.2415687E-05 
120500 1.2361667E-05 
120600 1.2307875E-05 
120700 1.2254309E-05 
120800 1.2200968E-05 
120900 1.2147852E-05 
121000 1.209496E-05 
121100 1.204229E-05 
121200 1.1989842E-05 
121300 1.1937615E-05 
121400 1.188561E-05 
121500 1.1833822E-05 
121600 1.1782253E-05 
121700 1.1730901E-05 
121800 1.1679766E-05 
121900 1.1628847E-05 
122000 1.1578143E-05 
122100 1.1527653E-05 
122200 1.1477376E-05 
122300 1.1427311E-05 
122400 1.1377457E-05 
122500 1.1327814E-05 
122600 1.1278381E-05 
122700 1.1229156E-05 
122800 1.118014E-05 
122900 1.1131331E-05 
123000 1.1082729E-05 
123100 1.1034331E-05 
123200 1.0986138E-05 
123300 1.093815E-05 
123400 1.0890365E-05 
123500 1.0842781E-05 
123600 1.0795399E-05 
123700 1.0748218E-05 
123800 1.0701237E-05 
123900 1.0654455E-05 
124000 1.0607871E-05 
124100 1.0561484E-05 
124200 1.0515293E-05 
124300 1.0469299E-05 
124400 1.04235E-05 
124500 1.0377894E-05 
124600 1.0332483E-05 
124700 1.0287264E-05 
124800 1.0242236E-05 
124900 1.01974E-05 
125000 1.0152754E-05 
125100 1.0108298E-05 
125200 1.006403E-05 
125300 1.001995E-05 
125400 9.9760582E-06 
125500 9.9323524E-06 
125600 9.8888322E-06 
125700 9.8454966E-06 
125800 9.8023456E-06 
125900 9.7593784E-06 
126000 9.7165939E-06 
126100 9.6739914E-06 
126200 9.6315698E-06 
126300 9.5893283E-06 
126400 9.5472669E-06 
126500 9.5053856E-06 
126600 9.4636816E-06 
126700 9.422155E-06 
126800 9.3808057E-06 
126900 9.339632E-06 
127000 9.2986347E-06 
127100 9.2578111E-06 
127200 9.2171622E-06 
127300 9.176686E-06 
127400 9.1363827E-06 
127500 9.0962512E-06 
127600 9.0562908E-06 
127700 9.0165013E-06 
127800 8.976881E-06 
127900 8.9374298E-06 
128000 8.8981478E-06 
128100 8.8590323E-06 
128200 8.820085E-06 
128300 8.7813032E-06 
128400 8.742687E-06 
128500 8.7042363E-06 
128600 8.6659493E-06 
128700 8.6278269E-06 
128800 8.5898664E-06 
128900 8.5520687E-06 
129000 8.514432E-06 
129100 8.4769572E-06 
129200 8.4396424E-06 
129300 8.4024869E-06 
129400 8.3654904E-06 
129500 8.3286523E-06 
129600 8.2919723E-06 
129700 8.2554488E-06 
129800 8.2190818E-06 
129900 8.1828712E-06 
130000 8.1468152E-06 
130100 8.1109138E-06 
130200 8.0751652E-06 
130300 8.0395712E-06 
130400 8.0041291E-06 
130500 7.9688389E-06 
130600 7.9337005E-06 
130700 7.8987123E-06 
130800 7.8638741E-06 
130900 7.829186E-06 
131000 7.7946461E-06 
131100 7.7602544E-06 
131200 7.7260111E-06 
131300 7.6919141E-06 
131400 7.6579636E-06 
131500 7.6241586E-06 
131600 7.5904991E-06 
131700 7.5569842E-06 
131800 7.5236135E-06 
131900 7.490386E-06 
132000 7.4573013E-06 
132100 7.424359E-06 
132200 7.391558E-06 
132300 7.3588981E-06 
132400 7.3263791E-06 
132500 7.2939993E-06 
132600 7.2617595E-06 
132700 7.229658E-06 
132800 7.1976947E-06 
132900 7.1658687E-06 
133000 7.1341801E-06 
133100 7.1026279E-06 
133200 7.0712117E-06 
133300 7.0399306E-06 
133400 7.008784E-06 
133500 6.977772E-06 
133600 6.9468933E-06 
133700 6.9161479E-06 
133800 6.8855352E-06 
133900 6.8550544E-06 
134000 6.824705E-06 
134100 6.7944861E-06 
134200 6.7643978E-06 
134300 6.7344395E-06 
134400 6.7046103E-06 
134500 6.6749099E-06 
134600 6.6453376E-06 
134700 6.6158927E-06 
134800 6.5865752E-06 
134900 6.5573845E-06 
135000 6.5283198E-06 
135100 6.4993806E-06 
135200 6.4705659E-06 
135300 6.4418764E-06 
135400 6.4133105E-06 
135500 6.3848684E-06 
135600 6.356549E-06 
135700 6.3283519E-06 
135800 6.3002767E-06 
135900 6.2723234E-06 
136000 6.2444906E-06 
136100 6.2167783E-06 
136200 6.189186E-06 
136300 6.1617129E-06 
136400 6.134359E-06 
136500 6.1071232E-06 
136600 6.0800057E-06 
136700 6.0530051E-06 
136800 6.0261218E-06 
136900 5.9993549E-06 
137000 5.972704E-06 
137100 5.9461686E-06 
137200 5.9197478E-06 
137300 5.893442E-06 
137400 5.8672499E-06 
137500 5.8411715E-06 
137600 5.8152064E-06 
137700 5.7893535E-06 
137800 5.763613E-06 
137900 5.7379839E-06 
138000 5.7124662E-06 
138100 5.687059E-06 
138200 5.6617623E-06 
138300 5.6365757E-06 
138400 5.6114977E-06 
138500 5.5865294E-06 
138600 5.5616688E-06 
138700 5.5369164E-06 
138800 5.5122719E-06 
138900 5.4877341E-06 
139000 5.4633028E-06 
139100 5.438978E-06 
139200 5.4147586E-06 
139300 5.3906447E-06 
139400 5.3666358E-06 
139500 5.3427311E-06 
139600 5.3189301E-06 
139700 5.2952328E-06 
139800 5.2716387E-06 
139900 5.2481473E-06 
140000 5.2247578E-06 
140100 5.2014707E-06 
140200 5.1782845E-06 
140300 5.1551992E-06 
140400 5.1322145E-06 
140500 5.1093298E-06 
140600 5.0865451E-06 
140700 5.0638591E-06 
140800 5.0412723E-06 
140900 5.0187841E-06 
141000 4.9963933E-06 
141100 4.9741006E-06 
141200 4.9519049E-06 
141300 4.929806E-06 
141400 4.9078035E-06 
141500 4.8858965E-06 
141600 4.8640854E-06 
141700 4.8423694E-06 
141800 4.8207485E-06 
141900 4.7992216E-06 
142000 4.7777885E-06 
142100 4.756449E-06 
142200 4.7352028E-06 
142300 4.7140493E-06 
142400 4.6929881E-06 
142500 4.6720188E-06 
142600 4.6511414E-06 
142700 4.6303549E-06 
142800 4.6096593E-06 
142900 4.5890538E-06 
143000 4.5685388E-06 
143100 4.5481133E-06 
143200 4.527777E-06 
143300 4.5075299E-06 
143400 4.4873709E-06 
143500 4.4673002E-06 
143600 4.4473172E-06 
143700 4.427422E-06 
143800 4.4076132E-06 
143900 4.3878917E-06 
144000 4.3682562E-06 
144100 4.3487066E-06 
144200 4.3292425E-06 
144300 4.3098639E-06 
144400 4.2905699E-06 
144500 4.2713605E-06 
144600 4.2522352E-06 
144700 4.2331935E-06 
144800 4.2142351E-06 
144900 4.1953599E-06 
145000 4.1765675E-06 
145100 4.1578573E-06 
145200 4.1392295E-06 
145300 4.1206831E-06 
145400 4.1022176E-06 
145500 4.0838336E-06 
145600 4.06553E-06 
145700 4.0473069E-06 
145800 4.0291634E-06 
145900 4.0110995E-06 
146000 3.9931151E-06 
146100 3.9752094E-06 
146200 3.9573824E-06 
146300 3.9396336E-06 
146400 3.9219626E-06 
146500 3.9043694E-06 
146600 3.8868534E-06 
146700 3.8694143E-06 
146800 3.8520516E-06 
146900 3.8347653E-06 
147000 3.8175549E-06 
147100 3.8004202E-06 
147200 3.7833606E-06 
147300 3.7663763E-06 
147400 3.7494665E-06 
147500 3.7326308E-06 
147600 3.7158693E-06 
147700 3.6991814E-06 
147800 3.682567E-06 
147900 3.6660258E-06 
148000 3.6495571E-06 
148100 3.633161E-06 
148200 3.6168369E-06 
148300 3.6005847E-06 
148400 3.5844041E-06 
148500 3.5682947E-06 
148600 3.552256E-06 
148700 3.5362882E-06 
148800 3.5203905E-06 
148900 3.5045628E-06 
149000 3.4888049E-06 
149100 3.4731163E-06 
149200 3.4574969E-06 
149300 3.4419463E-06 
149400 3.4264642E-06 
149500 3.4110503E-06 
149600 3.3957044E-06 
149700 3.3804261E-06 
149800 3.3652152E-06 
149900 3.3500712E-06 
150000 3.3349941E-06 
150100 3.3199835E-06 
150200 3.3050392E-06 
150300 3.2901605E-06 
150400 3.2753478E-06 
150500 3.2606001E-06 
150600 3.2459177E-06 
150700 3.2313001E-06 
150800 3.216747E-06 
150900 3.2022581E-06 
151000 3.1878333E-06 
151100 3.1734719E-06 
151200 3.1591742E-06 
151300 3.1449395E-06 
151400 3.1307677E-06 
151500 3.1166585E-06 
151600 3.1026116E-06 
151700 3.0886267E-06 
151800 3.0747037E-06 
151900 3.0608421E-06 
152000 3.0470419E-06 
152100 3.0333028E-06 
152200 3.0196243E-06 
152300 3.0060062E-06 
152400 2.9924486E-06 
152500 2.9789508E-06 
152600 2.9655125E-06 
152700 2.9521339E-06 
152800 2.9388143E-06 
152900 2.9255539E-06 
153000 2.9123519E-06 
153100 2.8992085E-06 
153200 2.8861232E-06 
153300 2.8730958E-06 
153400 2.8601262E-06 
153500 2.8472139E-06 
153600 2.8343588E-06 
153700 2.8215607E-06 
153800 2.8088193E-06 
153900 2.7961344E-06 
154000 2.7835054E-06 
154100 2.7709325E-06 
154200 2.7584153E-06 
154300 2.7459537E-06 
154400 2.7335473E-06 
154500 2.7211959E-06 
154600 2.708899E-06 
154700 2.696657E-06 
154800 2.6844691E-06 
154900 2.6723351E-06 
155000 2.6602552E-06 
155100 2.6482287E-06 
155200 2.6362557E-06 
155300 2.6243356E-06 
155400 2.6124685E-06 
155500 2.6006542E-06 
155600 2.5888921E-06 
155700 2.5771824E-06 
155800 2.5655245E-06 
155900 2.5539184E-06 
156000 2.542364E-06 
156100 2.5308609E-06 
156200 2.5194088E-06 
156300 2.5080074E-06 
156400 2.4966569E-06 
156500 2.4853566E-06 
156600 2.4741066E-06 
156700 2.4629067E-06 
156800 2.4517565E-06 
156900 2.4406559E-06 
157000 2.4296046E-06 
157100 2.4186024E-06 
157200 2.4076492E-06 
157300 2.3967445E-06 
157400 2.3858886E-06 
157500 2.3750806E-06 
157600 2.3643211E-06 
157700 2.3536093E-06 
157800 2.342945E-06 
157900 2.3323282E-06 
158000 2.3217588E-06 
158100 2.3112364E-06 
158200 2.3007606E-06 
158300 2.2903316E-06 
158400 2.2799491E-06 
158500 2.2696127E-06 
158600 2.2593224E-06 
158700 2.2490779E-06 
158800 2.238879E-06 
158900 2.2287256E-06 
159000 2.2186175E-06 
159100 2.2085542E-06 
159200 2.1985359E-06 
159300 2.1885621E-06 
159400 2.1786329E-06 
159500 2.1687479E-06 
159600 2.1589069E-06 
159700 2.1491098E-06 
159800 2.1393566E-06 
159900 2.1296466E-06 
160000 2.1199801E-06 
160100 2.1103565E-06 
160200 2.1007759E-06 
160300 2.0912382E-06 
160400 2.0817429E-06 
160500 2.07229E-06 
160600 2.0628793E-06 
160700 2.0535106E-06 
160800 2.0441835E-06 
160900 2.0348982E-06 
161000 2.0256543E-06 
161100 2.0164518E-06 
161200 2.0072903E-06 
161300 1.9981696E-06 
161400 1.9890899E-06 
161500 1.9800505E-06 
161600 1.9710517E-06 
161700 1.9620929E-06 
161800 1.9531742E-06 
161900 1.9442953E-06 
162000 1.9354561E-06 
162100 1.9266565E-06 
162200 1.917896E-06 
162300 1.9091749E-06 
162400 1.9004927E-06 
162500 1.8918494E-06 
162600 1.8832445E-06 
162700 1.8746783E-06 
162800 1.8661503E-06 
162900 1.8576605E-06 
163000 1.8492087E-06 
163100 1.8407947E-06 
163200 1.8324182E-06 
163300 1.8240793E-06 
163400 1.8157778E-06 
163500 1.8075133E-06 
163600 1.7992858E-06 
163700 1.7910952E-06 
163800 1.7829412E-06 
163900 1.7748238E-06 
164000 1.7667427E-06 
164100 1.7586977E-06 
164200 1.7506889E-06 
164300 1.7427158E-06 
164400 1.7347785E-06 
164500 1.7268767E-06 
164600 1.7190104E-06 
164700 1.7111792E-06 
164800 1.7033832E-06 
164900 1.695622E-06 
165000 1.6878957E-06 
165100 1.680204E-06 
165200 1.6725469E-06 
165300 1.664924E-06 
165400 1.6573352E-06 
165500 1.6497806E-06 
165600 1.6422598E-06 
165700 1.6347727E-06 
165800 1.6273193E-06 
165900 1.6198992E-06 
166000 1.6125125E-06 
166100 1.6051589E-06 
166200 1.5978383E-06 
166300 1.5905505E-06 
166400 1.5832954E-06 
166500 1.5760729E-06 
166600 1.5688828E-06 
166700 1.561725E-06 
166800 1.5545993E-06 
166900 1.5475057E-06 
167000 1.5404438E-06 
167100 1.5334138E-06 
167200 1.5264152E-06 
167300 1.519448E-06 
167400 1.5125122E-06 
167500 1.5056075E-06 
167600 1.4987339E-06 
167700 1.4918912E-06 
167800 1.4850792E-06 
167900 1.4782978E-06 
168000 1.471547E-06 
168100 1.4648264E-06 
168200 1.458136E-06 
168300 1.4514758E-06 
168400 1.4448455E-06 
168500 1.4382449E-06 
168600 1.4316741E-06 
168700 1.4251328E-06 
168800 1.418621E-06 
168900 1.4121384E-06 
169000 1.4056851E-06 
169100 1.3992607E-06 
169200 1.3928652E-06 
169300 1.3864986E-06 
169400 1.3801606E-06 
169500 1.3738511E-06 
169600 1.36757E-06 
169700 1.3613171E-06 
169800 1.3550925E-06 
169900 1.3488958E-06 
170000 1.3427272E-06 
170100 1.3365861E-06 
170200 1.3304729E-06 
170300 1.3243871E-06 
170400 1.3183287E-06 
170500 1.3122976E-06 
170600 1.3062937E-06 
170700 1.3003169E-06 
170800 1.2943669E-06 
170900 1.2884439E-06 
171000 1.2825475E-06 
171100 1.2766776E-06 
171200 1.2708343E-06 
171300 1.2650173E-06 
171400 1.2592265E-06 
171500 1.2534617E-06 
171600 1.247723E-06 
171700 1.2420103E-06 
171800 1.2363232E-06 
171900 1.2306618E-06 
172000 1.2250259E-06 
172100 1.2194155E-06 
172200 1.2138304E-06 
172300 1.2082704E-06 
172400 1.2027356E-06 
172500 1.1972257E-06 
172600 1.1917408E-06 
172700 1.1862805E-06 
172800 1.1808449E-06 
172900 1.1754339E-06 
173000 1.1700473E-06 
173100 1.164685E-06 
173200 1.1593469E-06 
173300 1.1540329E-06 
173400 1.148743E-06 
173500 1.1434769E-06 
173600 1.1382346E-06 
173700 1.133016E-06 
173800 1.127821E-06 
173900 1.1226493E-06 
174000 1.1175011E-06 
174100 1.1123763E-06 
174200 1.1072744E-06 
174300 1.1021957E-06 
174400 1.0971401E-06 
174500 1.0921071E-06 
174600 1.087097E-06 
174700 1.0821095E-06 
174800 1.0771446E-06 
174900 1.0722021E-06 
175000 1.0672819E-06 
175100 1.0623841E-06 
175200 1.0575084E-06 
175300 1.0526546E-06 
175400 1.0478229E-06 
175500 1.0430131E-06 
175600 1.038225E-06 
175700 1.0334586E-06 
175800 1.0287138E-06 
175900 1.0239903E-06 
176000 1.0192883E-06 
176100 1.0146076E-06 
176200 1.0099482E-06 
176300 1.0053097E-06 
176400 1.0006922E-06 
176500 9.9609576E-07 
176600 9.915201E-07 
176700 9.8696512E-07 
176800 9.8243072E-07 
176900 9.779169E-07 
177000 9.7342365E-07 
177100 9.6895064E-07 
177200 9.6449787E-07 
177300 9.6006534E-07 
177400 9.5565281E-07 
177500 9.5126035E-07 
177600 9.4688778E-07 
177700 9.4253505E-07 
177800 9.3820205E-07 
177900 9.3388866E-07 
178000 9.2959482E-07 
178100 9.2532048E-07 
178200 9.2106552E-07 
178300 9.1682989E-07 
178400 9.1261342E-07 
178500 9.084161E-07 
178600 9.0423777E-07 
178700 9.0007842E-07 
178800 8.9593794E-07 
178900 8.9181628E-07 
179000 8.8771327E-07 
179100 8.836289E-07 
179200 8.7956312E-07 
179300 8.755157E-07 
179400 8.7148669E-07 
179500 8.6747599E-07 
179600 8.6348348E-07 
179700 8.595091E-07 
179800 8.5555274E-07 
179900 8.516144E-07 
180000 8.4769391E-07 
180100 8.4379121E-07 
180200 8.3990625E-07 
180300 8.3603891E-07 
180400 8.3218919E-07 
180500 8.2835692E-07 
180600 8.2454204E-07 
180700 8.2074456E-07 
180800 8.169643E-07 
180900 8.1320121E-07 
181000 8.0945523E-07 
181100 8.057263E-07 
181200 8.0201426E-07 
181300 7.9831915E-07 
181400 7.9464081E-07 
181500 7.9097919E-07 
181600 7.8733422E-07 
181700 7.8370584E-07 
181800 7.8009396E-07 
181900 7.764985E-07 
182000 7.7291941E-07 
182100 7.6935657E-07 
182200 7.6580994E-07 
182300 7.6227946E-07 
182400 7.58765E-07 
182500 7.5526657E-07 
182600 7.5178406E-07 
182700 7.483174E-07 
182800 7.448665E-07 
182900 7.4143134E-07 
183000 7.3801175E-07 
183100 7.346078E-07 
183200 7.312193E-07 
183300 7.2784621E-07 
183400 7.2448853E-07 
183500 7.2114614E-07 
183600 7.1781892E-07 
183700 7.1450688E-07 
183800 7.1120991E-07 
183900 7.07928E-07 
184000 7.0466098E-07 
184100 7.0140885E-07 
184200 6.9817156E-07 
184300 6.9494905E-07 
184400 6.9174121E-07 
184500 6.8854791E-07 
184600 6.8536923E-07 
184700 6.8220504E-07 
184800 6.7905523E-07 
184900 6.7591981E-07 
185000 6.7279871E-07 
185100 6.6969181E-07 
185200 6.6659908E-07 
185300 6.6352044E-07 
185400 6.6045584E-07 
185500 6.5740522E-07 
185600 6.5436848E-07 
185700 6.513456E-07 
185800 6.4833654E-07 
185900 6.4534117E-07 
186000 6.4235951E-07 
186100 6.3939143E-07 
186200 6.3643688E-07 
186300 6.3349586E-07 
186400 6.3056819E-07 
186500 6.2765395E-07 
186600 6.2475294E-07 
186700 6.2186524E-07 
186800 6.1899067E-07 
186900 6.1612923E-07 
187000 6.1328086E-07 
187100 6.1044551E-07 
187200 6.0762306E-07 
187300 6.0481352E-07 
187400 6.0201683E-07 
187500 5.9923292E-07 
187600 5.9646169E-07 
187700 5.9370313E-07 
187800 5.909572E-07 
187900 5.8822377E-07 
188000 5.8550285E-07 
188100 5.8279437E-07 
188200 5.8009823E-07 
188300 5.7741443E-07 
188400 5.747429E-07 
188500 5.7208359E-07 
188600 5.6943639E-07 
188700 5.668013E-07 
188800 5.6417832E-07 
188900 5.6156728E-07 
189000 5.5896817E-07 
189100 5.5638094E-07 
189200 5.5380559E-07 
189300 5.5124195E-07 
189400 5.4869008E-07 
189500 5.4614986E-07 
189600 5.4362124E-07 
189700 5.4110421E-07 
189800 5.3859873E-07 
189900 5.3610466E-07 
190000 5.3362203E-07 
190100 5.311507E-07 
190200 5.2869075E-07 
190300 5.2624205E-07 
190400 5.2380449E-07 
190500 5.2137813E-07 
190600 5.1896291E-07 
190700 5.1655871E-07 
190800 5.1416549E-07 
190900 5.1178324E-07 
191000 5.094119E-07 
191100 5.0705142E-07 
191200 5.047018E-07 
191300 5.0236287E-07 
191400 5.0003467E-07 
191500 4.9771711E-07 
191600 4.9541023E-07 
191700 4.9311387E-07 
191800 4.9082803E-07 
191900 4.8855264E-07 
192000 4.8628772E-07 
192100 4.8403314E-07 
192200 4.817889E-07 
192300 4.7955496E-07 
192400 4.7733124E-07 
192500 4.7511773E-07 
192600 4.7291434E-07 
192700 4.7072106E-07 
192800 4.6853785E-07 
192900 4.6636461E-07 
193000 4.6420138E-07 
193100 4.6204804E-07 
193200 4.5990456E-07 
193300 4.5777094E-07 
193400 4.5564707E-07 
193500 4.5353298E-07 
193600 4.5142855E-07 
193700 4.4933378E-07 
193800 4.4724862E-07 
193900 4.4517304E-07 
194000 4.4310698E-07 
194100 4.4105039E-07 
194200 4.3900323E-07 
194300 4.3696545E-07 
194400 4.3493705E-07 
194500 4.3291794E-07 
194600 4.309081E-07 
194700 4.289075E-07 
194800 4.2691607E-07 
194900 4.2493377E-07 
195000 4.229606E-07 
195100 4.2099646E-07 
195200 4.1904136E-07 
195300 4.1709521E-07 
195400 4.1515801E-07 
195500 4.1322971E-07 
195600 4.1131025E-07 
195700 4.0939963E-07 
195800 4.0749777E-07 
195900 4.0560465E-07 
196000 4.0372021E-07 
196100 4.0184443E-07 
196200 3.999773E-07 
196300 3.9811871E-07 
196400 3.9626869E-07 
196500 3.9442713E-07 
196600 3.9259407E-07 
196700 3.9076943E-07 
196800 3.8895317E-07 
196900 3.8714523E-07 
197000 3.8534563E-07 
197100 3.8355432E-07 
197200 3.817712E-07 
197300 3.7999632E-07 
197400 3.7822957E-07 
197500 3.7647095E-07 
197600 3.7472043E-07 
197700 3.7297795E-07 
197800 3.7124349E-07 
197900 3.6951698E-07 
198000 3.6779844E-07 
198100 3.6608779E-07 
198200 3.6438502E-07 
198300 3.6269009E-07 
198400 3.6100295E-07 
198500 3.5932356E-07 
198600 3.5765188E-07 
198700 3.5598794E-07 
198800 3.5433163E-07 
198900 3.5268295E-07 
199000 3.5104185E-07 
199100 3.4940831E-07 
199200 3.4778228E-07 
199300 3.4616374E-07 
199400 3.4455266E-07 
199500 3.4294899E-07 
199600 3.4135269E-07 
199700 3.3976377E-07 
199800 3.3818213E-07 
199900 3.366078E-07 
200000 3.3504071E-07 
