1000 0.00012225524 
1100 0.00013014175 
1200 0.00013773997 
1300 0.00014507506 
1400 0.00015216776 
1500 0.00015903554 
1600 0.00016569323 
1700 0.00017215361 
1800 0.00017842784 
1900 0.00018452572 
2000 0.00019045592 
2100 0.00019622619 
2200 0.0002018435 
2300 0.00020731418 
2400 0.00021264394 
2500 0.00021783805 
2600 0.00022290132 
2700 0.00022783822 
2800 0.00023265285 
2900 0.00023734906 
3000 0.00024193042 
3100 0.00024640028 
3200 0.0002507618 
3300 0.00025501795 
3400 0.0002591715 
3500 0.00026322508 
3600 0.00026718125 
3700 0.00027104237 
3800 0.00027481071 
3900 0.00027848844 
4000 0.00028207761 
4100 0.00028558023 
4200 0.00028899818 
4300 0.00029233328 
4400 0.00029558729 
4500 0.00029876194 
4600 0.00030185879 
4700 0.00030487942 
4800 0.00030782539 
4900 0.00031069812 
5000 0.00031349907 
5100 0.00031622956 
5200 0.00031889099 
5300 0.00032148458 
5400 0.00032401166 
5500 0.00032647338 
5600 0.00032887098 
5700 0.00033120561 
5800 0.00033347835 
5900 0.00033569036 
6000 0.00033784265 
6100 0.00033993629 
6200 0.00034197231 
6300 0.00034395169 
6400 0.00034587536 
6500 0.00034774435 
6600 0.0003495595 
6700 0.0003513218 
6800 0.00035303208 
6900 0.0003546912 
7000 0.00035630006 
7100 0.00035785948 
7200 0.00035937026 
7300 0.00036083319 
7400 0.00036224906 
7500 0.00036361866 
7600 0.00036494274 
7700 0.000366222 
7800 0.00036745722 
7900 0.00036864911 
8000 0.00036979833 
8100 0.00037090559 
8200 0.00037197155 
8300 0.0003729969 
8400 0.0003739823 
8500 0.00037492835 
8600 0.00037583569 
8700 0.00037670496 
8800 0.00037753675 
8900 0.00037833169 
9000 0.00037909031 
9100 0.00037981325 
9200 0.00038050106 
9300 0.0003811543 
9400 0.00038177351 
9500 0.00038235923 
9600 0.00038291203 
9700 0.0003834324 
9800 0.00038392085 
9900 0.00038437796 
10000 0.00038480415 
10100 0.00038519996 
10200 0.00038556586 
10300 0.00038590233 
10400 0.00038620987 
10500 0.00038648891 
10600 0.00038673994 
10700 0.00038696339 
10800 0.00038715973 
10900 0.00038732935 
11000 0.00038747274 
11100 0.00038759029 
11200 0.00038768243 
11300 0.00038774958 
11400 0.00038779216 
11500 0.00038781055 
11600 0.00038780514 
11700 0.00038777635 
11800 0.00038772455 
11900 0.00038765013 
12000 0.00038755345 
12100 0.00038743488 
12200 0.0003872948 
12300 0.00038713356 
12400 0.00038695152 
12500 0.00038674902 
12600 0.00038652643 
12700 0.00038628405 
12800 0.00038602226 
12900 0.00038574135 
13000 0.00038544167 
13100 0.00038512354 
13200 0.00038478727 
13300 0.00038443317 
13400 0.00038406157 
13500 0.00038367274 
13600 0.000383267 
13700 0.00038284468 
13800 0.00038240603 
13900 0.00038195134 
14000 0.0003814809 
14100 0.00038099501 
14200 0.00038049393 
14300 0.00037997792 
14400 0.0003794473 
14500 0.00037890227 
14600 0.00037834313 
14700 0.00037777013 
14800 0.00037718355 
14900 0.0003765836 
15000 0.00037597056 
15100 0.00037534465 
15200 0.00037470614 
15300 0.00037405526 
15400 0.00037339225 
15500 0.0003727173 
15600 0.00037203071 
15700 0.00037133266 
15800 0.00037062337 
15900 0.00036990308 
16000 0.00036917202 
16100 0.00036843037 
16200 0.00036767835 
16300 0.00036691618 
16400 0.00036614409 
16500 0.00036536221 
16600 0.00036457082 
16700 0.00036377009 
16800 0.00036296019 
16900 0.00036214132 
17000 0.00036131369 
17100 0.00036047748 
17200 0.00035963289 
17300 0.00035878009 
17400 0.00035791923 
17500 0.00035705054 
17600 0.00035617416 
17700 0.00035529028 
17800 0.00035439906 
17900 0.00035350065 
18000 0.00035259526 
18100 0.00035168303 
18200 0.00035076411 
18300 0.00034983866 
18400 0.00034890688 
18500 0.00034796889 
18600 0.00034702482 
18700 0.00034607487 
18800 0.00034511916 
18900 0.00034415786 
19000 0.00034319109 
19100 0.00034221896 
19200 0.00034124171 
19300 0.00034025937 
19400 0.00033927217 
19500 0.00033828017 
19600 0.00033728356 
19700 0.00033628242 
19800 0.00033527691 
19900 0.00033426718 
20000 0.00033325332 
20100 0.00033223545 
20200 0.0003312137 
20300 0.00033018822 
20400 0.00032915908 
20500 0.00032812645 
20600 0.00032709041 
20700 0.00032605109 
20800 0.00032500859 
20900 0.00032396303 
21000 0.00032291451 
21100 0.00032186313 
21200 0.00032080902 
21300 0.00031975229 
21400 0.00031869303 
21500 0.00031763132 
21600 0.00031656728 
21700 0.00031550103 
21800 0.00031443263 
21900 0.00031336222 
22000 0.00031228983 
22100 0.00031121564 
22200 0.00031013964 
22300 0.00030906202 
22400 0.00030798279 
22500 0.00030690207 
22600 0.00030581997 
22700 0.00030473655 
22800 0.00030365188 
22900 0.00030256607 
23000 0.00030147922 
23100 0.00030039134 
23200 0.00029930257 
23300 0.00029821298 
23400 0.00029712261 
23500 0.00029603159 
23600 0.00029493996 
23700 0.00029384778 
23800 0.00029275517 
23900 0.00029166217 
24000 0.00029056886 
24100 0.00028947528 
24200 0.00028838153 
24300 0.00028728769 
24400 0.0002861938 
24500 0.00028509993 
24600 0.00028400612 
24700 0.00028291249 
24800 0.00028181903 
24900 0.00028072586 
25000 0.00027963304 
25100 0.00027854057 
25200 0.00027744859 
25300 0.00027635708 
25400 0.00027526615 
25500 0.00027417584 
25600 0.00027308616 
25700 0.00027199724 
25800 0.00027090911 
25900 0.00026982176 
26000 0.00026873534 
26100 0.00026764983 
26200 0.00026656527 
26300 0.00026548177 
26400 0.00026439934 
26500 0.00026331804 
26600 0.00026223791 
26700 0.00026115897 
26800 0.00026008129 
26900 0.00025900494 
27000 0.0002579299 
27100 0.00025685626 
27200 0.00025578408 
27300 0.00025471332 
27400 0.0002536441 
27500 0.00025257643 
27600 0.00025151033 
27700 0.00025044585 
27800 0.00024938307 
27900 0.00024832197 
28000 0.00024726259 
28100 0.00024620499 
28200 0.00024514922 
28300 0.00024409525 
28400 0.00024304318 
28500 0.000241993 
28600 0.00024094476 
28700 0.00023989849 
28800 0.00023885423 
28900 0.000237812 
29000 0.00023677183 
29100 0.00023573374 
29200 0.00023469777 
29300 0.00023366394 
29400 0.0002326323 
29500 0.00023160285 
29600 0.00023057564 
29700 0.00022955067 
29800 0.00022852799 
29900 0.0002275076 
30000 0.00022648954 
30100 0.00022547384 
30200 0.0002244605 
30300 0.00022344958 
30400 0.00022244106 
30500 0.00022143498 
30600 0.00022043136 
30700 0.00021943024 
30800 0.00021843161 
30900 0.00021743552 
31000 0.00021644196 
31100 0.00021545097 
31200 0.00021446255 
31300 0.00021347673 
31400 0.00021249354 
31500 0.00021151298 
31600 0.00021053506 
31700 0.0002095598 
31800 0.00020858724 
31900 0.00020761738 
32000 0.00020665023 
32100 0.00020568581 
32200 0.00020472413 
32300 0.00020376522 
32400 0.00020280907 
32500 0.0002018557 
32600 0.00020090512 
32700 0.00019995737 
32800 0.00019901244 
32900 0.00019807034 
33000 0.00019713108 
33100 0.00019619468 
33200 0.00019526116 
33300 0.00019433051 
33400 0.00019340275 
33500 0.00019247788 
33600 0.00019155593 
33700 0.00019063689 
33800 0.00018972078 
33900 0.00018880761 
34000 0.00018789737 
34100 0.00018699009 
34200 0.00018608576 
34300 0.00018518441 
34400 0.00018428602 
34500 0.00018339061 
34600 0.0001824982 
34700 0.00018160878 
34800 0.00018072236 
34900 0.00017983894 
35000 0.00017895854 
35100 0.00017808114 
35200 0.00017720678 
35300 0.00017633542 
35400 0.00017546711 
35500 0.00017460182 
35600 0.00017373959 
35700 0.00017288039 
35800 0.00017202423 
35900 0.00017117112 
36000 0.00017032107 
36100 0.00016947408 
36200 0.00016863014 
36300 0.00016778926 
36400 0.00016695143 
36500 0.00016611668 
36600 0.00016528499 
36700 0.00016445637 
36800 0.00016363082 
36900 0.00016280833 
37000 0.00016198892 
37100 0.00016117257 
37200 0.00016035931 
37300 0.00015954912 
37400 0.000158742 
37500 0.00015793795 
37600 0.00015713696 
37700 0.00015633907 
37800 0.00015554423 
37900 0.00015475247 
38000 0.00015396379 
38100 0.00015317816 
38200 0.00015239562 
38300 0.00015161613 
38400 0.00015083971 
38500 0.00015006635 
38600 0.00014929606 
38700 0.00014852882 
38800 0.00014776464 
38900 0.00014700353 
39000 0.00014624547 
39100 0.00014549046 
39200 0.00014473849 
39300 0.00014398956 
39400 0.00014324368 
39500 0.00014250084 
39600 0.00014176105 
39700 0.00014102427 
39800 0.00014029053 
39900 0.00013955982 
40000 0.00013883213 
40100 0.00013810745 
40200 0.0001373858 
40300 0.00013666715 
40400 0.0001359515 
40500 0.00013523886 
40600 0.00013452921 
40700 0.00013382257 
40800 0.00013311891 
40900 0.00013241824 
41000 0.00013172053 
41100 0.00013102581 
41200 0.00013033405 
41300 0.00012964527 
41400 0.00012895944 
41500 0.00012827656 
41600 0.00012759664 
41700 0.00012691965 
41800 0.00012624561 
41900 0.00012557449 
42000 0.00012490629 
42100 0.00012424102 
42200 0.00012357866 
42300 0.00012291923 
42400 0.00012226267 
42500 0.00012160902 
42600 0.00012095827 
42700 0.0001203104 
42800 0.0001196654 
42900 0.00011902327 
43000 0.00011838401 
43100 0.00011774761 
43200 0.00011711406 
43300 0.00011648335 
43400 0.00011585548 
43500 0.00011523045 
43600 0.00011460824 
43700 0.00011398884 
43800 0.00011337225 
43900 0.00011275848 
44000 0.00011214749 
44100 0.0001115393 
44200 0.00011093388 
44300 0.00011033125 
44400 0.00010973137 
44500 0.00010913426 
44600 0.00010853991 
44700 0.0001079483 
44800 0.00010735942 
44900 0.00010677328 
45000 0.00010618987 
45100 0.00010560916 
45200 0.00010503116 
45300 0.00010445587 
45400 0.00010388326 
45500 0.00010331334 
45600 0.0001027461 
45700 0.00010218152 
45800 0.0001016196 
45900 0.00010106034 
46000 0.00010050373 
46100 9.994975E-05 
46200 9.9398399E-05 
46300 9.8849676E-05 
46400 9.8303557E-05 
46500 9.776005E-05 
46600 9.7219134E-05 
46700 9.6680807E-05 
46800 9.6145064E-05 
46900 9.5611889E-05 
47000 9.5081283E-05 
47100 9.455323E-05 
47200 9.4027724E-05 
47300 9.3504757E-05 
47400 9.2984315E-05 
47500 9.2466405E-05 
47600 9.1951006E-05 
47700 9.1438116E-05 
47800 9.0927715E-05 
47900 9.041981E-05 
48000 8.9914385E-05 
48100 8.9411427E-05 
48200 8.8910936E-05 
48300 8.8412904E-05 
48400 8.7917309E-05 
48500 8.742416E-05 
48600 8.693344E-05 
48700 8.6445143E-05 
48800 8.5959255E-05 
48900 8.5475767E-05 
49000 8.4994681E-05 
49100 8.4515981E-05 
49200 8.4039661E-05 
49300 8.3565705E-05 
49400 8.3094114E-05 
49500 8.262488E-05 
49600 8.2157982E-05 
49700 8.1693426E-05 
49800 8.1231192E-05 
49900 8.0771279E-05 
50000 8.0313672E-05 
50100 7.9858371E-05 
50200 7.9405363E-05 
50300 7.8954632E-05 
50400 7.8506186E-05 
50500 7.8059995E-05 
50600 7.7616074E-05 
50700 7.7174394E-05 
50800 7.6734956E-05 
50900 7.6297751E-05 
51000 7.5862772E-05 
51100 7.5430005E-05 
51200 7.4999443E-05 
51300 7.4571086E-05 
51400 7.4144911E-05 
51500 7.3720919E-05 
51600 7.3299103E-05 
51700 7.287944E-05 
51800 7.2461939E-05 
51900 7.2046583E-05 
52000 7.1633367E-05 
52100 7.1222275E-05 
52200 7.0813308E-05 
52300 7.0406451E-05 
52400 7.0001697E-05 
52500 6.9599038E-05 
52600 6.9198468E-05 
52700 6.8799978E-05 
52800 6.8403548E-05 
52900 6.8009183E-05 
53000 6.7616871E-05 
53100 6.7226611E-05 
53200 6.6838373E-05 
53300 6.6452172E-05 
53400 6.606798E-05 
53500 6.5685803E-05 
53600 6.5305634E-05 
53700 6.4927452E-05 
53800 6.4551255E-05 
53900 6.4177031E-05 
54000 6.3804779E-05 
54100 6.3434491E-05 
54200 6.3066145E-05 
54300 6.269975E-05 
54400 6.233529E-05 
54500 6.1972751E-05 
54600 6.1612132E-05 
54700 6.125342E-05 
54800 6.0896618E-05 
54900 6.0541704E-05 
55000 6.0188675E-05 
55100 5.9837526E-05 
55200 5.9488244E-05 
55300 5.9140821E-05 
55400 5.8795253E-05 
55500 5.8451529E-05 
55600 5.8109639E-05 
55700 5.7769579E-05 
55800 5.7431338E-05 
55900 5.7094909E-05 
56000 5.6760284E-05 
56100 5.6427456E-05 
56200 5.6096414E-05 
56300 5.5767156E-05 
56400 5.5439665E-05 
56500 5.5113942E-05 
56600 5.4789973E-05 
56700 5.446775E-05 
56800 5.4147269E-05 
56900 5.382852E-05 
57000 5.3511496E-05 
57100 5.3196189E-05 
57200 5.2882588E-05 
57300 5.2570689E-05 
57400 5.2260486E-05 
57500 5.1951964E-05 
57600 5.1645122E-05 
57700 5.133995E-05 
57800 5.1036441E-05 
57900 5.0734583E-05 
58000 5.0434373E-05 
58100 5.0135804E-05 
58200 4.9838865E-05 
58300 4.9543552E-05 
58400 4.9249855E-05 
58500 4.8957765E-05 
58600 4.8667276E-05 
58700 4.8378384E-05 
58800 4.8091075E-05 
58900 4.7805348E-05 
59000 4.7521189E-05 
59100 4.7238595E-05 
59200 4.6957561E-05 
59300 4.6678073E-05 
59400 4.6400124E-05 
59500 4.6123714E-05 
59600 4.5848828E-05 
59700 4.5575467E-05 
59800 4.5303615E-05 
59900 4.5033266E-05 
60000 4.476442E-05 
60100 4.4497061E-05 
60200 4.423119E-05 
60300 4.3966793E-05 
60400 4.3703865E-05 
60500 4.34424E-05 
60600 4.3182394E-05 
60700 4.2923832E-05 
60800 4.266671E-05 
60900 4.2411026E-05 
61000 4.2156767E-05 
61100 4.1903932E-05 
61200 4.1652507E-05 
61300 4.1402487E-05 
61400 4.1153868E-05 
61500 4.0906642E-05 
61600 4.0660801E-05 
61700 4.0416344E-05 
61800 4.0173254E-05 
61900 3.9931529E-05 
62000 3.9691167E-05 
62100 3.9452152E-05 
62200 3.9214487E-05 
62300 3.8978156E-05 
62400 3.8743161E-05 
62500 3.850949E-05 
62600 3.8277136E-05 
62700 3.8046095E-05 
62800 3.781636E-05 
62900 3.7587924E-05 
63000 3.7360784E-05 
63100 3.7134923E-05 
63200 3.6910347E-05 
63300 3.6687041E-05 
63400 3.6465004E-05 
63500 3.6244226E-05 
63600 3.6024703E-05 
63700 3.5806428E-05 
63800 3.5589394E-05 
63900 3.5373596E-05 
64000 3.5159024E-05 
64100 3.4945675E-05 
64200 3.4733544E-05 
64300 3.4522622E-05 
64400 3.4312907E-05 
64500 3.4104385E-05 
64600 3.3897057E-05 
64700 3.3690914E-05 
64800 3.3485951E-05 
64900 3.3282162E-05 
65000 3.3079541E-05 
65100 3.2878081E-05 
65200 3.2677774E-05 
65300 3.247862E-05 
65400 3.2280608E-05 
65500 3.2083732E-05 
65600 3.188799E-05 
65700 3.1693373E-05 
65800 3.1499876E-05 
65900 3.1307496E-05 
66000 3.1116222E-05 
66100 3.092605E-05 
66200 3.0736977E-05 
66300 3.0548992E-05 
66400 3.0362096E-05 
66500 3.0176279E-05 
66600 2.9991535E-05 
66700 2.9807861E-05 
66800 2.9625251E-05 
66900 2.9443696E-05 
67000 2.9263194E-05 
67100 2.908374E-05 
67200 2.8905324E-05 
67300 2.8727945E-05 
67400 2.8551596E-05 
67500 2.8376271E-05 
67600 2.8201966E-05 
67700 2.8028673E-05 
67800 2.7856391E-05 
67900 2.768511E-05 
68000 2.7514827E-05 
68100 2.7345537E-05 
68200 2.7177233E-05 
68300 2.7009912E-05 
68400 2.6843567E-05 
68500 2.6678195E-05 
68600 2.6513788E-05 
68700 2.6350343E-05 
68800 2.6187852E-05 
68900 2.6026313E-05 
69000 2.586572E-05 
69100 2.5706067E-05 
69200 2.5547351E-05 
69300 2.5389565E-05 
69400 2.5232705E-05 
69500 2.5076764E-05 
69600 2.4921741E-05 
69700 2.4767627E-05 
69800 2.4614419E-05 
69900 2.4462113E-05 
70000 2.4310702E-05 
70100 2.4160185E-05 
70200 2.4010551E-05 
70300 2.3861801E-05 
70400 2.3713927E-05 
70500 2.3566925E-05 
70600 2.3420791E-05 
70700 2.3275519E-05 
70800 2.3131104E-05 
70900 2.2987544E-05 
71000 2.2844832E-05 
71100 2.2702965E-05 
71200 2.2561937E-05 
71300 2.2421742E-05 
71400 2.228238E-05 
71500 2.2143842E-05 
71600 2.2006127E-05 
71700 2.1869226E-05 
71800 2.173314E-05 
71900 2.159786E-05 
72000 2.1463384E-05 
72100 2.1329706E-05 
72200 2.1196824E-05 
72300 2.1064732E-05 
72400 2.0933425E-05 
72500 2.08029E-05 
72600 2.0673151E-05 
72700 2.0544177E-05 
72800 2.0415971E-05 
72900 2.0288529E-05 
73000 2.0161846E-05 
73100 2.0035921E-05 
73200 1.9910747E-05 
73300 1.9786321E-05 
73400 1.9662637E-05 
73500 1.9539693E-05 
73600 1.9417485E-05 
73700 1.9296007E-05 
73800 1.9175257E-05 
73900 1.9055229E-05 
74000 1.893592E-05 
74100 1.8817327E-05 
74200 1.8699444E-05 
74300 1.8582268E-05 
74400 1.8465795E-05 
74500 1.8350021E-05 
74600 1.8234943E-05 
74700 1.8120556E-05 
74800 1.8006856E-05 
74900 1.7893841E-05 
75000 1.7781504E-05 
75100 1.7669843E-05 
75200 1.7558856E-05 
75300 1.7448536E-05 
75400 1.733888E-05 
75500 1.7229884E-05 
75600 1.7121547E-05 
75700 1.7013863E-05 
75800 1.6906828E-05 
75900 1.6800439E-05 
76000 1.6694694E-05 
76100 1.6589585E-05 
76200 1.6485114E-05 
76300 1.6381273E-05 
76400 1.627806E-05 
76500 1.6175472E-05 
76600 1.6073504E-05 
76700 1.5972155E-05 
76800 1.5871417E-05 
76900 1.5771291E-05 
77000 1.5671772E-05 
77100 1.5572858E-05 
77200 1.5474541E-05 
77300 1.5376821E-05 
77400 1.5279697E-05 
77500 1.518316E-05 
77600 1.508721E-05 
77700 1.4991843E-05 
77800 1.4897056E-05 
77900 1.4802846E-05 
78000 1.4709208E-05 
78100 1.461614E-05 
78200 1.4523639E-05 
78300 1.4431701E-05 
78400 1.4340323E-05 
78500 1.4249503E-05 
78600 1.4159235E-05 
78700 1.4069518E-05 
78800 1.398035E-05 
78900 1.3891724E-05 
79000 1.380364E-05 
79100 1.3716094E-05 
79200 1.3629083E-05 
79300 1.3542603E-05 
79400 1.3456653E-05 
79500 1.3371227E-05 
79600 1.3286324E-05 
79700 1.3201941E-05 
79800 1.3118075E-05 
79900 1.3034722E-05 
80000 1.2951879E-05 
80100 1.2869545E-05 
80200 1.2787716E-05 
80300 1.2706387E-05 
80400 1.2625558E-05 
80500 1.2545224E-05 
80600 1.2465384E-05 
80700 1.2386035E-05 
80800 1.2307172E-05 
80900 1.2228795E-05 
81000 1.2150898E-05 
81100 1.2073481E-05 
81200 1.199654E-05 
81300 1.1920072E-05 
81400 1.1844075E-05 
81500 1.1768546E-05 
81600 1.1693482E-05 
81700 1.161888E-05 
81800 1.1544738E-05 
81900 1.1471053E-05 
82000 1.1397822E-05 
82100 1.1325043E-05 
82200 1.1252714E-05 
82300 1.118083E-05 
82400 1.110939E-05 
82500 1.1038393E-05 
82600 1.0967832E-05 
82700 1.0897708E-05 
82800 1.0828018E-05 
82900 1.0758759E-05 
83000 1.0689928E-05 
83100 1.0621523E-05 
83200 1.0553542E-05 
83300 1.0485981E-05 
83400 1.0418838E-05 
83500 1.0352112E-05 
83600 1.0285798E-05 
83700 1.0219897E-05 
83800 1.0154404E-05 
83900 1.0089317E-05 
84000 1.0024633E-05 
84100 9.9603512E-06 
84200 9.8964692E-06 
84300 9.8329829E-06 
84400 9.7698912E-06 
84500 9.7071916E-06 
84600 9.6448812E-06 
84700 9.5829591E-06 
84800 9.5214209E-06 
84900 9.4602665E-06 
85000 9.3994922E-06 
85100 9.3390963E-06 
85200 9.279076E-06 
85300 9.2194305E-06 
85400 9.160156E-06 
85500 9.1012507E-06 
85600 9.0427129E-06 
85700 8.9845398E-06 
85800 8.9267296E-06 
85900 8.8692796E-06 
86000 8.8121888E-06 
86100 8.7554536E-06 
86200 8.6990731E-06 
86300 8.6430455E-06 
86400 8.5873671E-06 
86500 8.5320362E-06 
86600 8.4770518E-06 
86700 8.4224112E-06 
86800 8.3681116E-06 
86900 8.3141522E-06 
87000 8.2605311E-06 
87100 8.2072447E-06 
87200 8.1542921E-06 
87300 8.1016715E-06 
87400 8.0493801E-06 
87500 7.9974161E-06 
87600 7.9457786E-06 
87700 7.894464E-06 
87800 7.8434723E-06 
87900 7.7927998E-06 
88000 7.7424447E-06 
88100 7.6924061E-06 
88200 7.6426822E-06 
88300 7.5932699E-06 
88400 7.5441681E-06 
88500 7.4953746E-06 
88600 7.4468876E-06 
88700 7.3987057E-06 
88800 7.3508268E-06 
88900 7.3032488E-06 
89000 7.2559701E-06 
89100 7.2089892E-06 
89200 7.162304E-06 
89300 7.1159125E-06 
89400 7.0698129E-06 
89500 7.0240039E-06 
89600 6.9784837E-06 
89700 6.93325E-06 
89800 6.8883014E-06 
89900 6.8436366E-06 
90000 6.7992532E-06 
90100 6.75515E-06 
90200 6.7113251E-06 
90300 6.6677767E-06 
90400 6.6245029E-06 
90500 6.5815025E-06 
90600 6.538774E-06 
90700 6.4963151E-06 
90800 6.454125E-06 
90900 6.4122009E-06 
91000 6.3705425E-06 
91100 6.3291473E-06 
91200 6.2880135E-06 
91300 6.2471404E-06 
91400 6.206526E-06 
91500 6.1661685E-06 
91600 6.1260666E-06 
91700 6.0862185E-06 
91800 6.0466232E-06 
91900 6.0072784E-06 
92000 5.9681834E-06 
92100 5.9293357E-06 
92200 5.8907344E-06 
92300 5.8523783E-06 
92400 5.814265E-06 
92500 5.7763937E-06 
92600 5.7387629E-06 
92700 5.7013708E-06 
92800 5.6642161E-06 
92900 5.6272975E-06 
93000 5.5906135E-06 
93100 5.5541623E-06 
93200 5.517943E-06 
93300 5.4819538E-06 
93400 5.4461934E-06 
93500 5.4106608E-06 
93600 5.3753538E-06 
93700 5.3402714E-06 
93800 5.3054127E-06 
93900 5.2707755E-06 
94000 5.2363589E-06 
94100 5.2021614E-06 
94200 5.1681818E-06 
94300 5.1344186E-06 
94400 5.1008706E-06 
94500 5.0675367E-06 
94600 5.0344152E-06 
94700 5.0015046E-06 
94800 4.9688042E-06 
94900 4.9363121E-06 
95000 4.9040277E-06 
95100 4.8719489E-06 
95200 4.8400752E-06 
95300 4.8084053E-06 
95400 4.7769372E-06 
95500 4.7456701E-06 
95600 4.7146032E-06 
95700 4.6837345E-06 
95800 4.6530631E-06 
95900 4.6225878E-06 
96000 4.5923075E-06 
96100 4.5622205E-06 
96200 4.5323263E-06 
96300 4.5026236E-06 
96400 4.4731109E-06 
96500 4.443787E-06 
96600 4.4146504E-06 
96700 4.3857012E-06 
96800 4.3569371E-06 
96900 4.3283571E-06 
97000 4.2999604E-06 
97100 4.2717456E-06 
97200 4.2437118E-06 
97300 4.2158576E-06 
97400 4.1881822E-06 
97500 4.1606845E-06 
97600 4.1333628E-06 
97700 4.1062167E-06 
97800 4.0792447E-06 
97900 4.052446E-06 
98000 4.0258196E-06 
98100 3.9993638E-06 
98200 3.973078E-06 
98300 3.9469614E-06 
98400 3.9210122E-06 
98500 3.8952303E-06 
98600 3.8696139E-06 
98700 3.8441622E-06 
98800 3.8188741E-06 
98900 3.7937486E-06 
99000 3.7687851E-06 
99100 3.743982E-06 
99200 3.7193386E-06 
99300 3.6948538E-06 
99400 3.6705269E-06 
99500 3.6463564E-06 
99600 3.6223416E-06 
99700 3.5984817E-06 
99800 3.5747755E-06 
99900 3.5512221E-06 
100000 3.5278206E-06 
100100 3.5045698E-06 
100200 3.4814691E-06 
100300 3.4585173E-06 
100400 3.4357138E-06 
100500 3.4130571E-06 
100600 3.3905469E-06 
100700 3.368182E-06 
100800 3.3459614E-06 
100900 3.3238844E-06 
101000 3.3019498E-06 
101100 3.280157E-06 
101200 3.2585051E-06 
101300 3.2369931E-06 
101400 3.2156202E-06 
101500 3.1943853E-06 
101600 3.1732877E-06 
101700 3.1523266E-06 
101800 3.1315012E-06 
101900 3.1108104E-06 
102000 3.0902536E-06 
102100 3.06983E-06 
102200 3.0495382E-06 
102300 3.0293781E-06 
102400 3.0093483E-06 
102500 2.9894486E-06 
102600 2.9696776E-06 
102700 2.9500345E-06 
102800 2.930519E-06 
102900 2.9111297E-06 
103000 2.8918664E-06 
103100 2.8727279E-06 
103200 2.8537133E-06 
103300 2.8348225E-06 
103400 2.8160539E-06 
103500 2.797407E-06 
103600 2.7788813E-06 
103700 2.7604758E-06 
103800 2.7421897E-06 
103900 2.7240226E-06 
104000 2.7059732E-06 
104100 2.6880411E-06 
104200 2.6702257E-06 
104300 2.6525258E-06 
104400 2.634941E-06 
104500 2.6174705E-06 
104600 2.6001137E-06 
104700 2.5828697E-06 
104800 2.5657378E-06 
104900 2.5487172E-06 
105000 2.5318075E-06 
105100 2.5150077E-06 
105200 2.4983174E-06 
105300 2.4817357E-06 
105400 2.4652618E-06 
105500 2.4488954E-06 
105600 2.4326353E-06 
105700 2.4164813E-06 
105800 2.4004325E-06 
105900 2.3844882E-06 
106000 2.3686478E-06 
106100 2.3529108E-06 
106200 2.3372761E-06 
106300 2.3217435E-06 
106400 2.3063124E-06 
106500 2.2909817E-06 
106600 2.2757508E-06 
106700 2.2606196E-06 
106800 2.245587E-06 
106900 2.2306526E-06 
107000 2.2158156E-06 
107100 2.2010754E-06 
107200 2.1864316E-06 
107300 2.1718834E-06 
107400 2.1574301E-06 
107500 2.1430712E-06 
107600 2.1288063E-06 
107700 2.1146345E-06 
107800 2.1005553E-06 
107900 2.0865682E-06 
108000 2.0726725E-06 
108100 2.0588677E-06 
108200 2.0451532E-06 
108300 2.0315283E-06 
108400 2.0179928E-06 
108500 2.0045456E-06 
108600 1.9911865E-06 
108700 1.9779147E-06 
108800 1.96473E-06 
108900 1.9516315E-06 
109000 1.9386187E-06 
109100 1.9256913E-06 
109200 1.9128483E-06 
109300 1.9000897E-06 
109400 1.8874147E-06 
109500 1.8748227E-06 
109600 1.8623132E-06 
109700 1.8498857E-06 
109800 1.8375397E-06 
109900 1.8252747E-06 
110000 1.8130901E-06 
110100 1.8009854E-06 
110200 1.7889602E-06 
110300 1.7770137E-06 
110400 1.7651457E-06 
110500 1.7533557E-06 
110600 1.741643E-06 
110700 1.7300072E-06 
110800 1.7184478E-06 
110900 1.7069643E-06 
111000 1.6955563E-06 
111100 1.6842232E-06 
111200 1.6729646E-06 
111300 1.6617799E-06 
111400 1.6506688E-06 
111500 1.6396307E-06 
111600 1.6286651E-06 
111700 1.6177717E-06 
111800 1.6069498E-06 
111900 1.5961992E-06 
112000 1.5855193E-06 
112100 1.5749097E-06 
112200 1.5643698E-06 
112300 1.5538993E-06 
112400 1.5434978E-06 
112500 1.5331647E-06 
112600 1.5228997E-06 
112700 1.5127022E-06 
112800 1.5025719E-06 
112900 1.4925082E-06 
113000 1.4825109E-06 
113100 1.4725795E-06 
113200 1.4627135E-06 
113300 1.4529126E-06 
113400 1.4431762E-06 
113500 1.4335041E-06 
113600 1.4238956E-06 
113700 1.4143505E-06 
113800 1.4048685E-06 
113900 1.395449E-06 
114000 1.3860915E-06 
114100 1.3767958E-06 
114200 1.3675615E-06 
114300 1.3583881E-06 
114400 1.3492753E-06 
114500 1.3402226E-06 
114600 1.3312297E-06 
114700 1.3222962E-06 
114800 1.3134216E-06 
114900 1.3046057E-06 
115000 1.2958481E-06 
115100 1.2871483E-06 
115200 1.2785059E-06 
115300 1.2699207E-06 
115400 1.2613923E-06 
115500 1.2529202E-06 
115600 1.2445041E-06 
115700 1.2361437E-06 
115800 1.2278387E-06 
115900 1.2195884E-06 
116000 1.2113928E-06 
116100 1.2032514E-06 
116200 1.1951639E-06 
116300 1.1871299E-06 
116400 1.1791491E-06 
116500 1.171221E-06 
116600 1.1633456E-06 
116700 1.1555222E-06 
116800 1.1477506E-06 
116900 1.1400306E-06 
117000 1.1323616E-06 
117100 1.1247434E-06 
117200 1.1171758E-06 
117300 1.1096582E-06 
117400 1.1021906E-06 
117500 1.0947724E-06 
117600 1.0874033E-06 
117700 1.0800832E-06 
117800 1.0728115E-06 
117900 1.0655882E-06 
118000 1.0584126E-06 
118100 1.0512848E-06 
118200 1.0442042E-06 
118300 1.0371706E-06 
118400 1.0301836E-06 
118500 1.023243E-06 
118600 1.0163485E-06 
118700 1.0094998E-06 
118800 1.0026965E-06 
118900 9.9593854E-07 
119000 9.8922533E-07 
119100 9.8255668E-07 
119200 9.7593238E-07 
119300 9.6935207E-07 
119400 9.6281542E-07 
119500 9.5632231E-07 
119600 9.4987234E-07 
119700 9.4346518E-07 
119800 9.3710071E-07 
119900 9.3077847E-07 
120000 9.2449829E-07 
120100 9.182599E-07 
120200 9.12063E-07 
120300 9.0590731E-07 
120400 8.9979255E-07 
120500 8.9371849E-07 
120600 8.8768491E-07 
120700 8.8169139E-07 
120800 8.7573784E-07 
120900 8.6982391E-07 
121000 8.6394931E-07 
121100 8.5811382E-07 
121200 8.5231727E-07 
121300 8.4655926E-07 
121400 8.4083962E-07 
121500 8.3515806E-07 
121600 8.2951436E-07 
121700 8.2390829E-07 
121800 8.1833957E-07 
121900 8.1280797E-07 
122000 8.0731326E-07 
122100 8.0185515E-07 
122200 7.9643348E-07 
122300 7.9104791E-07 
122400 7.8569826E-07 
122500 7.8038431E-07 
122600 7.7510578E-07 
122700 7.6986248E-07 
122800 7.646542E-07 
122900 7.5948066E-07 
123000 7.5434161E-07 
123100 7.4923685E-07 
123200 7.4416619E-07 
123300 7.391294E-07 
123400 7.3412622E-07 
123500 7.2915645E-07 
123600 7.2421989E-07 
123700 7.1931629E-07 
123800 7.1444543E-07 
123900 7.0960715E-07 
124000 7.0480115E-07 
124100 7.0002733E-07 
124200 6.9528534E-07 
124300 6.9057506E-07 
124400 6.8589628E-07 
124500 6.8124882E-07 
124600 6.7663234E-07 
124700 6.7204678E-07 
124800 6.6749192E-07 
124900 6.6296747E-07 
125000 6.5847331E-07 
125100 6.5400923E-07 
125200 6.4957499E-07 
125300 6.4517042E-07 
125400 6.4079535E-07 
125500 6.3644956E-07 
125600 6.3213287E-07 
125700 6.2784505E-07 
125800 6.2358595E-07 
125900 6.1935532E-07 
126000 6.1515306E-07 
126100 6.1097899E-07 
126200 6.0683283E-07 
126300 6.0271441E-07 
126400 5.9862361E-07 
126500 5.9456028E-07 
126600 5.9052411E-07 
126700 5.86515E-07 
126800 5.8253278E-07 
126900 5.7857721E-07 
127000 5.746482E-07 
127100 5.7074556E-07 
127200 5.6686906E-07 
127300 5.6301855E-07 
127400 5.5919384E-07 
127500 5.5539482E-07 
127600 5.5162127E-07 
127700 5.4787301E-07 
127800 5.4414994E-07 
127900 5.4045188E-07 
128000 5.367786E-07 
128100 5.3312999E-07 
128200 5.2950583E-07 
128300 5.2590605E-07 
128400 5.2233042E-07 
128500 5.1877879E-07 
128600 5.1525103E-07 
128700 5.1174692E-07 
128800 5.082664E-07 
128900 5.0480924E-07 
129000 5.0137533E-07 
129100 4.9796444E-07 
129200 4.9457651E-07 
129300 4.9121132E-07 
129400 4.8786882E-07 
129500 4.8454871E-07 
129600 4.8125094E-07 
129700 4.7797533E-07 
129800 4.7472179E-07 
129900 4.714901E-07 
130000 4.6828015E-07 
130100 4.6509177E-07 
130200 4.6192486E-07 
130300 4.5877925E-07 
130400 4.556548E-07 
130500 4.5255138E-07 
130600 4.4946884E-07 
130700 4.4640706E-07 
130800 4.4336588E-07 
130900 4.4034516E-07 
131000 4.3734477E-07 
131100 4.3436461E-07 
131200 4.3140449E-07 
131300 4.2846432E-07 
131400 4.2554396E-07 
131500 4.2264327E-07 
131600 4.197621E-07 
131700 4.1690035E-07 
131800 4.1405787E-07 
131900 4.1123457E-07 
132000 4.0843028E-07 
132100 4.056449E-07 
132200 4.0287827E-07 
132300 4.0013032E-07 
132400 3.9740087E-07 
132500 3.9468983E-07 
132600 3.9199708E-07 
132700 3.8932248E-07 
132800 3.8666593E-07 
132900 3.8402729E-07 
133000 3.8140647E-07 
133100 3.7880329E-07 
133200 3.7621771E-07 
133300 3.7364956E-07 
133400 3.7109874E-07 
133500 3.6856514E-07 
133600 3.6604862E-07 
133700 3.6354913E-07 
133800 3.610665E-07 
133900 3.586006E-07 
134000 3.5615139E-07 
134100 3.5371869E-07 
134200 3.5130245E-07 
134300 3.4890249E-07 
134400 3.4651876E-07 
134500 3.4415115E-07 
134600 3.4179951E-07 
134700 3.3946378E-07 
134800 3.3714383E-07 
134900 3.3483954E-07 
135000 3.3255085E-07 
135100 3.302776E-07 
135200 3.2801975E-07 
135300 3.2577714E-07 
135400 3.235497E-07 
135500 3.2133732E-07 
135600 3.1913993E-07 
135700 3.1695737E-07 
135800 3.1478956E-07 
135900 3.1263644E-07 
136000 3.1049788E-07 
136100 3.0837379E-07 
136200 3.0626407E-07 
136300 3.0416862E-07 
136400 3.0208736E-07 
136500 3.0002019E-07 
136600 2.9796701E-07 
136700 2.9592772E-07 
136800 2.9390225E-07 
136900 2.9189047E-07 
137000 2.8989234E-07 
137100 2.8790771E-07 
137200 2.8593655E-07 
137300 2.8397872E-07 
137400 2.8203416E-07 
137500 2.801028E-07 
137600 2.7818447E-07 
137700 2.762792E-07 
137800 2.7438679E-07 
137900 2.7250724E-07 
138000 2.7064038E-07 
138100 2.6878621E-07 
138200 2.6694462E-07 
138300 2.6511549E-07 
138400 2.6329877E-07 
138500 2.6149436E-07 
138600 2.597022E-07 
138700 2.5792221E-07 
138800 2.5615427E-07 
138900 2.5439832E-07 
139000 2.5265427E-07 
139100 2.5092206E-07 
139200 2.4920161E-07 
139300 2.4749284E-07 
139400 2.4579566E-07 
139500 2.4411E-07 
139600 2.4243576E-07 
139700 2.4077292E-07 
139800 2.3912133E-07 
139900 2.3748098E-07 
140000 2.3585176E-07 
140100 2.342336E-07 
140200 2.3262642E-07 
140300 2.3103017E-07 
140400 2.2944475E-07 
140500 2.278701E-07 
140600 2.2630616E-07 
140700 2.2475282E-07 
140800 2.2321005E-07 
140900 2.2167777E-07 
141000 2.201559E-07 
141100 2.1864436E-07 
141200 2.171431E-07 
141300 2.1565204E-07 
141400 2.1417112E-07 
141500 2.1270027E-07 
141600 2.1123941E-07 
141700 2.097885E-07 
141800 2.0834743E-07 
141900 2.0691618E-07 
142000 2.0549466E-07 
142100 2.0408281E-07 
142200 2.0268057E-07 
142300 2.0128786E-07 
142400 1.9990462E-07 
142500 1.985308E-07 
142600 1.9716633E-07 
142700 1.9581114E-07 
142800 1.9446517E-07 
142900 1.9312837E-07 
143000 1.9180067E-07 
143100 1.90482E-07 
143200 1.8917231E-07 
143300 1.8787154E-07 
143400 1.8657961E-07 
143500 1.852965E-07 
143600 1.8402213E-07 
143700 1.8275642E-07 
143800 1.8149935E-07 
143900 1.8025082E-07 
144000 1.7901081E-07 
144100 1.7777926E-07 
144200 1.7655609E-07 
144300 1.7534124E-07 
144400 1.7413468E-07 
144500 1.7293635E-07 
144600 1.7174618E-07 
144700 1.7056412E-07 
144800 1.6939013E-07 
144900 1.6822413E-07 
145000 1.6706609E-07 
145100 1.6591595E-07 
145200 1.6477364E-07 
145300 1.6363913E-07 
145400 1.6251235E-07 
145500 1.6139326E-07 
145600 1.602818E-07 
145700 1.5917792E-07 
145800 1.5808158E-07 
145900 1.5699271E-07 
146000 1.5591128E-07 
146100 1.5483722E-07 
146200 1.5377049E-07 
146300 1.5271105E-07 
146400 1.5165884E-07 
146500 1.506138E-07 
146600 1.495759E-07 
146700 1.4854508E-07 
146800 1.4752132E-07 
146900 1.4650453E-07 
147000 1.454947E-07 
147100 1.4449175E-07 
147200 1.4349565E-07 
147300 1.4250637E-07 
147400 1.4152383E-07 
147500 1.4054801E-07 
147600 1.3957886E-07 
147700 1.3861633E-07 
147800 1.3766036E-07 
147900 1.3671095E-07 
148000 1.35768E-07 
148100 1.3483152E-07 
148200 1.3390144E-07 
148300 1.329777E-07 
148400 1.3206028E-07 
148500 1.3114914E-07 
148600 1.3024423E-07 
148700 1.2934549E-07 
148800 1.2845291E-07 
148900 1.2756644E-07 
149000 1.2668602E-07 
149100 1.2581164E-07 
149200 1.2494321E-07 
149300 1.2408074E-07 
149400 1.2322418E-07 
149500 1.2237346E-07 
149600 1.2152857E-07 
149700 1.2068946E-07 
149800 1.198561E-07 
149900 1.1902844E-07 
150000 1.1820644E-07 
150100 1.1739007E-07 
150200 1.1657929E-07 
150300 1.1577406E-07 
150400 1.1497433E-07 
150500 1.1418009E-07 
150600 1.1339129E-07 
150700 1.1260789E-07 
150800 1.1182984E-07 
150900 1.1105713E-07 
151000 1.1028972E-07 
151100 1.0952756E-07 
151200 1.0877061E-07 
151300 1.0801886E-07 
151400 1.0727226E-07 
151500 1.0653077E-07 
151600 1.0579436E-07 
151700 1.05063E-07 
151800 1.0433666E-07 
151900 1.0361529E-07 
152000 1.0289886E-07 
152100 1.0218735E-07 
152200 1.0148072E-07 
152300 1.0077892E-07 
152400 1.0008194E-07 
152500 9.9389737E-08 
152600 9.8702287E-08 
152700 9.8019548E-08 
152800 9.7341491E-08 
152900 9.6668082E-08 
153000 9.599929E-08 
153100 9.5335096E-08 
153200 9.467545E-08 
153300 9.4020336E-08 
153400 9.3369714E-08 
153500 9.2723553E-08 
153600 9.2081827E-08 
153700 9.1444505E-08 
153800 9.0811561E-08 
153900 9.0182958E-08 
154000 8.9558675E-08 
154100 8.893867E-08 
154200 8.8322928E-08 
154300 8.7711406E-08 
154400 8.7104091E-08 
154500 8.650094E-08 
154600 8.5901931E-08 
154700 8.5307043E-08 
154800 8.4716234E-08 
154900 8.4129482E-08 
155000 8.3546766E-08 
155100 8.296805E-08 
155200 8.2393306E-08 
155300 8.1822513E-08 
155400 8.1255642E-08 
155500 8.0692672E-08 
155600 8.013356E-08 
155700 7.95783E-08 
155800 7.9026847E-08 
155900 7.8479189E-08 
156000 7.7935297E-08 
156100 7.7395143E-08 
156200 7.6858704E-08 
156300 7.6325954E-08 
156400 7.5796862E-08 
156500 7.5271409E-08 
156600 7.4749572E-08 
156700 7.4231316E-08 
156800 7.3716635E-08 
156900 7.3205484E-08 
157000 7.2697858E-08 
157100 7.2193714E-08 
157200 7.1693044E-08 
157300 7.1195821E-08 
157400 7.0702015E-08 
157500 7.0211605E-08 
157600 6.9724578E-08 
157700 6.924089E-08 
157800 6.8760542E-08 
157900 6.8283491E-08 
158000 6.7809729E-08 
158100 6.7339229E-08 
158200 6.6871962E-08 
158300 6.6407921E-08 
158400 6.594707E-08 
158500 6.5489388E-08 
158600 6.5034861E-08 
158700 6.458346E-08 
158800 6.4135172E-08 
158900 6.3689974E-08 
159000 6.3247839E-08 
159100 6.2808745E-08 
159200 6.2372685E-08 
159300 6.1939623E-08 
159400 6.1509546E-08 
159500 6.1082424E-08 
159600 6.0658259E-08 
159700 6.0237006E-08 
159800 5.981866E-08 
159900 5.9403195E-08 
160000 5.8990597E-08 
160100 5.8580842E-08 
160200 5.8173907E-08 
160300 5.7769782E-08 
160400 5.7368439E-08 
160500 5.6969867E-08 
160600 5.6574038E-08 
160700 5.6180941E-08 
160800 5.5790554E-08 
160900 5.5402861E-08 
161000 5.5017839E-08 
161100 5.4635475E-08 
161200 5.4255747E-08 
161300 5.3878637E-08 
161400 5.3504131E-08 
161500 5.3132208E-08 
161600 5.2762847E-08 
161700 5.239604E-08 
161800 5.2031758E-08 
161900 5.1669993E-08 
162000 5.1310725E-08 
162100 5.0953936E-08 
162200 5.0599606E-08 
162300 5.0247724E-08 
162400 4.9898272E-08 
162500 4.9551232E-08 
162600 4.9206587E-08 
162700 4.8864322E-08 
162800 4.8524416E-08 
162900 4.8186863E-08 
163000 4.7851636E-08 
163100 4.7518725E-08 
163200 4.7188117E-08 
163300 4.6859785E-08 
163400 4.6533728E-08 
163500 4.6209919E-08 
163600 4.5888346E-08 
163700 4.5568996E-08 
163800 4.5251852E-08 
163900 4.49369E-08 
164000 4.4624123E-08 
164100 4.4313506E-08 
164200 4.4005038E-08 
164300 4.3698698E-08 
164400 4.3394479E-08 
164500 4.309236E-08 
164600 4.279233E-08 
164700 4.2494374E-08 
164800 4.2198476E-08 
164900 4.1904624E-08 
165000 4.1612804E-08 
165100 4.1323002E-08 
165200 4.1035204E-08 
165300 4.0749395E-08 
165400 4.0465565E-08 
165500 4.0183696E-08 
165600 3.9903775E-08 
165700 3.9625792E-08 
165800 3.9349729E-08 
165900 3.9075577E-08 
166000 3.8803321E-08 
166100 3.8532949E-08 
166200 3.8264449E-08 
166300 3.7997808E-08 
166400 3.7733006E-08 
166500 3.7470041E-08 
166600 3.7208896E-08 
166700 3.6949555E-08 
166800 3.6692011E-08 
166900 3.6436248E-08 
167000 3.6182254E-08 
167100 3.5930022E-08 
167200 3.5679534E-08 
167300 3.543078E-08 
167400 3.5183749E-08 
167500 3.4938427E-08 
167600 3.4694803E-08 
167700 3.4452867E-08 
167800 3.4212608E-08 
167900 3.3974011E-08 
168000 3.3737066E-08 
168100 3.3501763E-08 
168200 3.3268091E-08 
168300 3.3036034E-08 
168400 3.2805588E-08 
168500 3.2576736E-08 
168600 3.2349472E-08 
168700 3.2123779E-08 
168800 3.1899653E-08 
168900 3.1677079E-08 
169000 3.1456047E-08 
169100 3.1236546E-08 
169200 3.1018569E-08 
169300 3.0802102E-08 
169400 3.0587131E-08 
169500 3.0373656E-08 
169600 3.0161658E-08 
169700 2.9951128E-08 
169800 2.9742059E-08 
169900 2.9534441E-08 
170000 2.9328261E-08 
170100 2.9123511E-08 
170200 2.892018E-08 
170300 2.871826E-08 
170400 2.8517739E-08 
170500 2.831861E-08 
170600 2.8120862E-08 
170700 2.7924484E-08 
170800 2.772947E-08 
170900 2.7535808E-08 
171000 2.7343491E-08 
171100 2.7152506E-08 
171200 2.6962848E-08 
171300 2.6774504E-08 
171400 2.6587468E-08 
171500 2.6401731E-08 
171600 2.6217281E-08 
171700 2.6034112E-08 
171800 2.5852213E-08 
171900 2.5671577E-08 
172000 2.5492197E-08 
172100 2.531406E-08 
172200 2.513716E-08 
172300 2.4961487E-08 
172400 2.4787036E-08 
172500 2.4613795E-08 
172600 2.4441757E-08 
172700 2.4270912E-08 
172800 2.4101256E-08 
172900 2.3932778E-08 
173000 2.3765468E-08 
173100 2.3599322E-08 
173200 2.3434328E-08 
173300 2.3270481E-08 
173400 2.3107772E-08 
173500 2.2946194E-08 
173600 2.2785738E-08 
173700 2.2626397E-08 
173800 2.2468162E-08 
173900 2.2311028E-08 
174000 2.2154985E-08 
174100 2.2000027E-08 
174200 2.1846146E-08 
174300 2.1693333E-08 
174400 2.1541583E-08 
174500 2.1390887E-08 
174600 2.124124E-08 
174700 2.1092632E-08 
174800 2.0945057E-08 
174900 2.079851E-08 
175000 2.065298E-08 
175100 2.0508461E-08 
175200 2.0364949E-08 
175300 2.0222434E-08 
175400 2.0080909E-08 
175500 1.9940368E-08 
175600 1.9800806E-08 
175700 1.9662213E-08 
175800 1.9524586E-08 
175900 1.9387915E-08 
176000 1.9252195E-08 
176100 1.9117419E-08 
176200 1.8983581E-08 
176300 1.8850672E-08 
176400 1.8718691E-08 
176500 1.8587626E-08 
176600 1.8457474E-08 
176700 1.8328226E-08 
176800 1.8199879E-08 
176900 1.8072425E-08 
177000 1.7945858E-08 
177100 1.7820172E-08 
177200 1.769536E-08 
177300 1.7571418E-08 
177400 1.7448338E-08 
177500 1.7326114E-08 
177600 1.7204743E-08 
177700 1.7084215E-08 
177800 1.6964528E-08 
177900 1.6845672E-08 
178000 1.6727645E-08 
178100 1.6610439E-08 
178200 1.6494051E-08 
178300 1.6378472E-08 
178400 1.6263698E-08 
178500 1.6149725E-08 
178600 1.6036545E-08 
178700 1.5924153E-08 
178800 1.5812542E-08 
178900 1.5701712E-08 
179000 1.5591652E-08 
179100 1.5482359E-08 
179200 1.5373828E-08 
179300 1.5266053E-08 
179400 1.515903E-08 
179500 1.505275E-08 
179600 1.4947213E-08 
179700 1.4842411E-08 
179800 1.4738339E-08 
179900 1.4634993E-08 
180000 1.4532366E-08 
180100 1.4430456E-08 
180200 1.4329256E-08 
180300 1.4228761E-08 
180400 1.4128966E-08 
180500 1.4029868E-08 
180600 1.393146E-08 
180700 1.3833739E-08 
180800 1.3736699E-08 
180900 1.3640336E-08 
181000 1.3544645E-08 
181100 1.344962E-08 
181200 1.3355259E-08 
181300 1.3261555E-08 
181400 1.3168506E-08 
181500 1.3076106E-08 
181600 1.298435E-08 
181700 1.2893233E-08 
181800 1.2802753E-08 
181900 1.2712904E-08 
182000 1.2623682E-08 
182100 1.2535082E-08 
182200 1.24471E-08 
182300 1.2359733E-08 
182400 1.2272975E-08 
182500 1.2186822E-08 
182600 1.2101271E-08 
182700 1.2016317E-08 
182800 1.1931956E-08 
182900 1.1848184E-08 
183000 1.1764996E-08 
183100 1.1682389E-08 
183200 1.1600359E-08 
183300 1.1518901E-08 
183400 1.1438012E-08 
183500 1.1357688E-08 
183600 1.1277924E-08 
183700 1.1198718E-08 
183800 1.1120065E-08 
183900 1.1041961E-08 
184000 1.0964403E-08 
184100 1.0887385E-08 
184200 1.0810907E-08 
184300 1.0734961E-08 
184400 1.0659547E-08 
184500 1.0584659E-08 
184600 1.0510296E-08 
184700 1.043645E-08 
184800 1.0363121E-08 
184900 1.0290305E-08 
185000 1.0217996E-08 
185100 1.0146194E-08 
185200 1.0074893E-08 
185300 1.000409E-08 
185400 9.9337818E-09 
185500 9.8639648E-09 
185600 9.7946362E-09 
185700 9.7257917E-09 
185800 9.6574286E-09 
185900 9.5895434E-09 
186000 9.5221333E-09 
186100 9.455194E-09 
186200 9.3887218E-09 
186300 9.322715E-09 
186400 9.2571701E-09 
186500 9.1920827E-09 
186600 9.1274508E-09 
186700 9.063271E-09 
186800 8.9995398E-09 
186900 8.9362535E-09 
187000 8.8734105E-09 
187100 8.811007E-09 
187200 8.7490397E-09 
187300 8.6875067E-09 
187400 8.6264027E-09 
187500 8.5657277E-09 
187600 8.5054754E-09 
187700 8.445646E-09 
187800 8.3862348E-09 
187900 8.3272385E-09 
188000 8.268656E-09 
188100 8.2104821E-09 
188200 8.1527167E-09 
188300 8.0953546E-09 
188400 8.038394E-09 
188500 7.9818321E-09 
188600 7.9256663E-09 
188700 7.8698932E-09 
188800 7.8145108E-09 
188900 7.7595157E-09 
189000 7.7049052E-09 
189100 7.6506774E-09 
189200 7.5968298E-09 
189300 7.5433588E-09 
189400 7.4902617E-09 
189500 7.4375364E-09 
189600 7.3851805E-09 
189700 7.3331909E-09 
189800 7.2815656E-09 
189900 7.2303017E-09 
190000 7.1793971E-09 
190100 7.1288486E-09 
190200 7.0786541E-09 
190300 7.0288113E-09 
190400 6.9793176E-09 
190500 6.9301702E-09 
190600 6.8813675E-09 
190700 6.8329062E-09 
190800 6.7847847E-09 
190900 6.7370003E-09 
191000 6.6895507E-09 
191100 6.6424333E-09 
191200 6.5956463E-09 
191300 6.549187E-09 
191400 6.5030532E-09 
191500 6.4572427E-09 
191600 6.4117534E-09 
191700 6.3665824E-09 
191800 6.3217285E-09 
191900 6.2771885E-09 
192000 6.2329608E-09 
192100 6.1890431E-09 
192200 6.1454335E-09 
192300 6.1021295E-09 
192400 6.0591288E-09 
192500 6.0164296E-09 
192600 5.9740297E-09 
192700 5.9319274E-09 
192800 5.8901199E-09 
192900 5.8486056E-09 
193000 5.8073826E-09 
193100 5.7664487E-09 
193200 5.7258016E-09 
193300 5.6854397E-09 
193400 5.6453606E-09 
193500 5.6055627E-09 
193600 5.5660441E-09 
193700 5.5268026E-09 
193800 5.487836E-09 
193900 5.4491429E-09 
194000 5.4107216E-09 
194100 5.3725695E-09 
194200 5.3346851E-09 
194300 5.2970663E-09 
194400 5.2597118E-09 
194500 5.2226188E-09 
194600 5.1857865E-09 
194700 5.1492126E-09 
194800 5.1128954E-09 
194900 5.0768327E-09 
195000 5.0410236E-09 
195100 5.0054654E-09 
195200 4.9701572E-09 
195300 4.9350963E-09 
195400 4.9002815E-09 
195500 4.8657114E-09 
195600 4.8313837E-09 
195700 4.7972972E-09 
195800 4.7634496E-09 
195900 4.7298401E-09 
196000 4.6964663E-09 
196100 4.6633266E-09 
196200 4.63042E-09 
196300 4.5977444E-09 
196400 4.5652979E-09 
196500 4.5330792E-09 
196600 4.5010871E-09 
196700 4.4693196E-09 
196800 4.437775E-09 
196900 4.4064521E-09 
197000 4.3753494E-09 
197100 4.3444648E-09 
197200 4.3137973E-09 
197300 4.2833452E-09 
197400 4.2531068E-09 
197500 4.223081E-09 
197600 4.1932662E-09 
197700 4.1636605E-09 
197800 4.1342632E-09 
197900 4.1050723E-09 
198000 4.0760866E-09 
198100 4.0473043E-09 
198200 4.0187245E-09 
198300 3.9903454E-09 
198400 3.9621657E-09 
198500 3.9341841E-09 
198600 3.9063992E-09 
198700 3.8788097E-09 
198800 3.8514139E-09 
198900 3.8242107E-09 
199000 3.7971986E-09 
199100 3.7703765E-09 
199200 3.7437431E-09 
199300 3.7172967E-09 
199400 3.6910361E-09 
199500 3.6649603E-09 
199600 3.6390679E-09 
199700 3.6133576E-09 
199800 3.5878278E-09 
199900 3.5624776E-09 
200000 3.5373058E-09 
