1000 0.00011874203 
1100 0.00012630226 
1200 0.00013358894 
1300 0.00014062795 
1400 0.00014744057 
1500 0.00015404467 
1600 0.00016045537 
1700 0.00016668571 
1800 0.00017274699 
1900 0.00017864908 
2000 0.00018440072 
2100 0.00019000967 
2200 0.00019548286 
2300 0.00020082657 
2400 0.00020604642 
2500 0.00021114756 
2600 0.00021613471 
2700 0.00022101215 
2800 0.00022578385 
2900 0.0002304535 
3000 0.00023502449 
3100 0.00023949998 
3200 0.00024388291 
3300 0.00024817605 
3400 0.00025238199 
3500 0.00025650315 
3600 0.00026054186 
3700 0.00026450021 
3800 0.0002683803 
3900 0.00027218409 
4000 0.00027591336 
4100 0.00027956988 
4200 0.00028315536 
4300 0.00028667133 
4400 0.00029011935 
4500 0.00029350087 
4600 0.00029681728 
4700 0.00030006992 
4800 0.00030326005 
4900 0.00030638895 
5000 0.00030945777 
5100 0.00031246766 
5200 0.00031541975 
5300 0.00031831508 
5400 0.00032115469 
5500 0.00032393957 
5600 0.00032667071 
5700 0.00032934902 
5800 0.00033197537 
5900 0.00033455071 
6000 0.00033707588 
6100 0.00033955165 
6200 0.00034197886 
6300 0.00034435833 
6400 0.00034669074 
6500 0.0003489769 
6600 0.00035121752 
6700 0.00035341331 
6800 0.00035556493 
6900 0.00035767307 
7000 0.00035973836 
7100 0.00036176146 
7200 0.00036374302 
7300 0.00036568361 
7400 0.00036758385 
7500 0.00036944431 
7600 0.00037126557 
7700 0.00037304818 
7800 0.0003747927 
7900 0.00037649967 
8000 0.00037816961 
8100 0.00037980304 
8200 0.00038140046 
8300 0.00038296237 
8400 0.00038448925 
8500 0.00038598161 
8600 0.00038743985 
8700 0.00038886452 
8800 0.000390256 
8900 0.00039161477 
9000 0.00039294123 
9100 0.00039423586 
9200 0.00039549905 
9300 0.00039673125 
9400 0.00039793283 
9500 0.0003991042 
9600 0.00040024574 
9700 0.00040135789 
9800 0.00040244099 
9900 0.00040349542 
10000 0.00040452156 
10100 0.00040551976 
10200 0.00040649041 
10300 0.00040743384 
10400 0.0004083504 
10500 0.00040924043 
10600 0.00041010429 
10700 0.0004109423 
10800 0.00041175477 
10900 0.00041254205 
11000 0.00041330449 
11100 0.00041404233 
11200 0.00041475592 
11300 0.00041544557 
11400 0.00041611158 
11500 0.00041675425 
11600 0.00041737387 
11700 0.00041797073 
11800 0.0004185451 
11900 0.00041909728 
12000 0.00041962755 
12100 0.0004201362 
12200 0.00042062349 
12300 0.00042108967 
12400 0.00042153502 
12500 0.00042195979 
12600 0.00042236425 
12700 0.00042274865 
12800 0.00042311326 
12900 0.00042345829 
13000 0.00042378402 
13100 0.00042409069 
13200 0.00042437852 
13300 0.00042464776 
13400 0.00042489864 
13500 0.00042513138 
13600 0.00042534622 
13700 0.0004255434 
13800 0.00042572312 
13900 0.00042588561 
14000 0.00042603107 
14100 0.00042615974 
14200 0.00042627181 
14300 0.00042636754 
14400 0.00042644705 
14500 0.00042651064 
14600 0.00042655843 
14700 0.00042659068 
14800 0.00042660756 
14900 0.00042660927 
15000 0.000426596 
15100 0.00042656797 
15200 0.00042652534 
15300 0.00042646829 
15400 0.00042639702 
15500 0.00042631172 
15600 0.00042621256 
15700 0.00042609972 
15800 0.00042597338 
15900 0.00042583371 
16000 0.00042568089 
16100 0.00042551509 
16200 0.00042533648 
16300 0.0004251452 
16400 0.00042494145 
16500 0.00042472541 
16600 0.00042449718 
16700 0.00042425698 
16800 0.00042400495 
16900 0.00042374121 
17000 0.00042346597 
17100 0.00042317936 
17200 0.00042288154 
17300 0.00042257263 
17400 0.00042225281 
17500 0.00042192222 
17600 0.000421581 
17700 0.00042122928 
17800 0.00042086723 
17900 0.00042049499 
18000 0.00042011269 
18100 0.00041972045 
18200 0.00041931844 
18300 0.00041890677 
18400 0.00041848558 
18500 0.00041805499 
18600 0.00041761517 
18700 0.00041716621 
18800 0.00041670824 
18900 0.00041624141 
19000 0.00041576583 
19100 0.00041528163 
19200 0.00041478893 
19300 0.00041428785 
19400 0.0004137785 
19500 0.000413261 
19600 0.00041273551 
19700 0.00041220209 
19800 0.00041166088 
19900 0.00041111201 
20000 0.00041055554 
20100 0.00040999163 
20200 0.00040942041 
20300 0.00040884191 
20400 0.00040825631 
20500 0.00040766367 
20600 0.00040706413 
20700 0.00040645778 
20800 0.00040584474 
20900 0.00040522509 
21000 0.00040459892 
21100 0.00040396635 
21200 0.00040332749 
21300 0.00040268243 
21400 0.00040203126 
21500 0.0004013741 
21600 0.000400711 
21700 0.0004000421 
21800 0.00039936745 
21900 0.00039868717 
22000 0.00039800137 
22100 0.0003973101 
22200 0.00039661347 
22300 0.00039591157 
22400 0.00039520449 
22500 0.00039449229 
22600 0.00039377509 
22700 0.00039305296 
22800 0.00039232601 
22900 0.00039159425 
23000 0.00039085784 
23100 0.00039011682 
23200 0.0003893713 
23300 0.00038862132 
23400 0.00038786701 
23500 0.00038710839 
23600 0.00038634558 
23700 0.00038557866 
23800 0.00038480767 
23900 0.0003840327 
24000 0.00038325382 
24100 0.00038247113 
24200 0.00038168469 
24300 0.00038089455 
24400 0.0003801008 
24500 0.0003793035 
24600 0.00037850274 
24700 0.00037769857 
24800 0.00037689105 
24900 0.00037608028 
25000 0.0003752663 
25100 0.00037444918 
25200 0.00037362898 
25300 0.00037280581 
25400 0.00037197967 
25500 0.00037115064 
25600 0.0003703188 
25700 0.00036948422 
25800 0.00036864693 
25900 0.00036780699 
26000 0.00036696449 
26100 0.00036611949 
26200 0.00036527202 
26300 0.00036442216 
26400 0.00036356997 
26500 0.00036271548 
26600 0.00036185875 
26700 0.00036099987 
26800 0.00036013886 
26900 0.00035927579 
27000 0.0003584107 
27100 0.00035754367 
27200 0.00035667472 
27300 0.00035580393 
27400 0.00035493134 
27500 0.000354057 
27600 0.00035318095 
27700 0.00035230326 
27800 0.00035142398 
27900 0.00035054312 
28000 0.00034966078 
28100 0.00034877699 
28200 0.00034789179 
28300 0.0003470052 
28400 0.00034611733 
28500 0.00034522818 
28600 0.00034433781 
28700 0.00034344624 
28800 0.00034255354 
28900 0.00034165976 
29000 0.00034076491 
29100 0.00033986906 
29200 0.00033897226 
29300 0.00033807452 
29400 0.00033717591 
29500 0.00033627645 
29600 0.00033537619 
29700 0.00033447519 
29800 0.00033357344 
29900 0.00033267101 
30000 0.00033176795 
30100 0.00033086428 
30200 0.00032996005 
30300 0.00032905527 
30400 0.00032815 
30500 0.00032724428 
30600 0.00032633814 
30700 0.00032543158 
30800 0.00032452471 
30900 0.00032361751 
31000 0.00032271002 
31100 0.00032180228 
31200 0.00032089432 
31300 0.0003199862 
31400 0.00031907792 
31500 0.00031816951 
31600 0.00031726103 
31700 0.0003163525 
31800 0.00031544393 
31900 0.0003145354 
32000 0.00031362686 
32100 0.00031271842 
32200 0.00031181009 
32300 0.00031090187 
32400 0.0003099938 
32500 0.00030908594 
32600 0.00030817828 
32700 0.00030727085 
32800 0.00030636371 
32900 0.00030545687 
33000 0.00030455034 
33100 0.00030364416 
33200 0.00030273836 
33300 0.00030183297 
33400 0.00030092799 
33500 0.00030002347 
33600 0.00029911945 
33700 0.00029821592 
33800 0.00029731292 
33900 0.00029641046 
34000 0.00029550859 
34100 0.00029460734 
34200 0.00029370666 
34300 0.00029280668 
34400 0.00029190734 
34500 0.00029100868 
34600 0.00029011077 
34700 0.00028921355 
34800 0.00028831713 
34900 0.00028742146 
35000 0.0002865266 
35100 0.00028563256 
35200 0.00028473933 
35300 0.00028384698 
35400 0.00028295553 
35500 0.00028206495 
35600 0.00028117531 
35700 0.00028028659 
35800 0.00027939884 
35900 0.00027851205 
36000 0.00027762627 
36100 0.00027674148 
36200 0.00027585775 
36300 0.00027497506 
36400 0.00027409341 
36500 0.00027321285 
36600 0.00027233339 
36700 0.00027145504 
36800 0.00027057782 
36900 0.00026970176 
37000 0.00026882684 
37100 0.00026795315 
37200 0.00026708061 
37300 0.00026620927 
37400 0.00026533919 
37500 0.00026447032 
37600 0.00026360271 
37700 0.00026273637 
37800 0.00026187132 
37900 0.00026100758 
38000 0.00026014511 
38100 0.00025928399 
38200 0.0002584242 
38300 0.00025756576 
38400 0.00025670871 
38500 0.000255853 
38600 0.00025499868 
38700 0.00025414577 
38800 0.00025329427 
38900 0.00025244421 
39000 0.00025159557 
39100 0.00025074839 
39200 0.00024990266 
39300 0.00024905842 
39400 0.00024821563 
39500 0.00024737435 
39600 0.00024653459 
39700 0.00024569631 
39800 0.00024485958 
39900 0.00024402438 
40000 0.00024319072 
40100 0.00024235861 
40200 0.00024152808 
40300 0.00024069911 
40400 0.00023987173 
40500 0.00023904594 
40600 0.00023822175 
40700 0.00023739917 
40800 0.00023657821 
40900 0.00023575888 
41000 0.0002349412 
41100 0.00023412514 
41200 0.00023331074 
41300 0.000232498 
41400 0.00023168694 
41500 0.00023087754 
41600 0.00023006983 
41700 0.00022926381 
41800 0.00022845948 
41900 0.00022765687 
42000 0.00022685596 
42100 0.00022605677 
42200 0.00022525931 
42300 0.00022446358 
42400 0.00022366959 
42500 0.00022287734 
42600 0.00022208685 
42700 0.00022129811 
42800 0.00022051112 
42900 0.00021972592 
43000 0.00021894248 
43100 0.00021816083 
43200 0.00021738095 
43300 0.00021660287 
43400 0.00021582659 
43500 0.0002150521 
43600 0.00021427943 
43700 0.00021350855 
43800 0.0002127395 
43900 0.00021197226 
44000 0.00021120685 
44100 0.00021044326 
44200 0.0002096815 
44300 0.00020892158 
44400 0.0002081635 
44500 0.00020740727 
44600 0.0002066529 
44700 0.00020590036 
44800 0.00020514968 
44900 0.00020440086 
45000 0.00020365389 
45100 0.00020290881 
45200 0.00020216558 
45300 0.00020142423 
45400 0.00020068475 
45500 0.00019994714 
45600 0.00019921143 
45700 0.00019847759 
45800 0.00019774563 
45900 0.00019701557 
46000 0.00019628739 
46100 0.00019556111 
46200 0.00019483671 
46300 0.00019411423 
46400 0.00019339363 
46500 0.00019267494 
46600 0.00019195816 
46700 0.00019124326 
46800 0.00019053029 
46900 0.00018981921 
47000 0.00018911005 
47100 0.0001884028 
47200 0.00018769747 
47300 0.00018699405 
47400 0.00018629253 
47500 0.00018559294 
47600 0.00018489527 
47700 0.0001841995 
47800 0.00018350566 
47900 0.00018281375 
48000 0.00018212374 
48100 0.00018143567 
48200 0.0001807495 
48300 0.00018006527 
48400 0.00017938296 
48500 0.00017870257 
48600 0.0001780241 
48700 0.00017734755 
48800 0.00017667294 
48900 0.00017600025 
49000 0.00017532948 
49100 0.00017466063 
49200 0.0001739937 
49300 0.00017332871 
49400 0.00017266563 
49500 0.00017200448 
49600 0.00017134525 
49700 0.00017068796 
49800 0.00017003257 
49900 0.00016937911 
50000 0.00016872758 
50100 0.00016807795 
50200 0.00016743026 
50300 0.00016678448 
50400 0.00016614063 
50500 0.00016549868 
50600 0.00016485866 
50700 0.00016422056 
50800 0.00016358437 
50900 0.00016295009 
51000 0.00016231772 
51100 0.00016168726 
51200 0.00016105872 
51300 0.0001604321 
51400 0.00015980737 
51500 0.00015918455 
51600 0.00015856363 
51700 0.00015794464 
51800 0.00015732752 
51900 0.00015671233 
52000 0.00015609902 
52100 0.00015548761 
52200 0.0001548781 
52300 0.00015427048 
52400 0.00015366476 
52500 0.00015306093 
52600 0.00015245899 
52700 0.00015185894 
52800 0.00015126077 
52900 0.00015066448 
53000 0.00015007007 
53100 0.00014947755 
53200 0.0001488869 
53300 0.00014829813 
53400 0.00014771124 
53500 0.00014712621 
53600 0.00014654305 
53700 0.00014596176 
53800 0.00014538234 
53900 0.00014480477 
54000 0.00014422905 
54100 0.00014365521 
54200 0.00014308322 
54300 0.00014251308 
54400 0.00014194478 
54500 0.00014137833 
54600 0.00014081373 
54700 0.00014025098 
54800 0.00013969006 
54900 0.00013913098 
55000 0.00013857373 
55100 0.00013801831 
55200 0.00013746473 
55300 0.00013691296 
55400 0.00013636303 
55500 0.0001358149 
55600 0.00013526861 
55700 0.00013472412 
55800 0.00013418145 
55900 0.00013364058 
56000 0.00013310152 
56100 0.00013256427 
56200 0.00013202881 
56300 0.00013149515 
56400 0.00013096329 
56500 0.00013043321 
56600 0.00012990493 
56700 0.00012937843 
56800 0.0001288537 
56900 0.00012833076 
57000 0.00012780959 
57100 0.0001272902 
57200 0.00012677256 
57300 0.00012625671 
57400 0.0001257426 
57500 0.00012523026 
57600 0.00012471968 
57700 0.00012421084 
57800 0.00012370375 
57900 0.00012319841 
58000 0.00012269481 
58100 0.00012219296 
58200 0.00012169283 
58300 0.00012119443 
58400 0.00012069777 
58500 0.00012020283 
58600 0.00011970961 
58700 0.0001192181 
58800 0.00011872831 
58900 0.00011824023 
59000 0.00011775387 
59100 0.0001172692 
59200 0.00011678623 
59300 0.00011630495 
59400 0.00011582537 
59500 0.00011534749 
59600 0.00011487128 
59700 0.00011439675 
59800 0.00011392391 
59900 0.00011345273 
60000 0.00011298324 
60100 0.0001125154 
60200 0.00011204923 
60300 0.00011158472 
60400 0.00011112186 
60500 0.00011066065 
60600 0.00011020109 
60700 0.00010974318 
60800 0.00010928691 
60900 0.00010883228 
61000 0.00010837927 
61100 0.0001079279 
61200 0.00010747815 
61300 0.00010703002 
61400 0.00010658351 
61500 0.00010613861 
61600 0.00010569533 
61700 0.00010525364 
61800 0.00010481356 
61900 0.00010437508 
62000 0.00010393819 
62100 0.00010350289 
62200 0.00010306918 
62300 0.00010263705 
62400 0.0001022065 
62500 0.00010177752 
62600 0.00010135012 
62700 0.00010092428 
62800 0.0001005 
62900 0.00010007728 
63000 9.9656114E-05 
63100 9.9236502E-05 
63200 9.881844E-05 
63300 9.8401913E-05 
63400 9.7986929E-05 
63500 9.757348E-05 
63600 9.7161559E-05 
63700 9.6751166E-05 
63800 9.6342294E-05 
63900 9.5934942E-05 
64000 9.5529103E-05 
64100 9.5124771E-05 
64200 9.4721952E-05 
64300 9.4320632E-05 
64400 9.3920818E-05 
64500 9.3522489E-05 
64600 9.3125658E-05 
64700 9.2730304E-05 
64800 9.2336442E-05 
64900 9.194405E-05 
65000 9.1553135E-05 
65100 9.1163696E-05 
65200 9.0775713E-05 
65300 9.03892E-05 
65400 9.0004141E-05 
65500 8.9620538E-05 
65600 8.9238383E-05 
65700 8.8857676E-05 
65800 8.8478409E-05 
65900 8.8100584E-05 
66000 8.7724184E-05 
66100 8.7349224E-05 
66200 8.6975684E-05 
66300 8.6603563E-05 
66400 8.623286E-05 
66500 8.5863576E-05 
66600 8.5495696E-05 
66700 8.5129221E-05 
66800 8.476415E-05 
66900 8.4400475E-05 
67000 8.4038191E-05 
67100 8.3677296E-05 
67200 8.3317791E-05 
67300 8.2959661E-05 
67400 8.2602906E-05 
67500 8.2247527E-05 
67600 8.1893522E-05 
67700 8.1540878E-05 
67800 8.1189588E-05 
67900 8.0839658E-05 
68000 8.0491089E-05 
68100 8.0143858E-05 
68200 7.9797974E-05 
68300 7.9453435E-05 
68400 7.9110228E-05 
68500 7.8768353E-05 
68600 7.8427802E-05 
68700 7.8088582E-05 
68800 7.7750679E-05 
68900 7.7414094E-05 
69000 7.7078817E-05 
69100 7.6744851E-05 
69200 7.6412194E-05 
69300 7.6080833E-05 
69400 7.5750766E-05 
69500 7.5421987E-05 
69600 7.5094504E-05 
69700 7.4768301E-05 
69800 7.4443378E-05 
69900 7.4119736E-05 
70000 7.3797361E-05 
70100 7.3476251E-05 
70200 7.3156414E-05 
70300 7.2837829E-05 
70400 7.2520503E-05 
70500 7.2204428E-05 
70600 7.1889604E-05 
70700 7.1576025E-05 
70800 7.1263683E-05 
70900 7.0952578E-05 
71000 7.0642702E-05 
71100 7.0334063E-05 
71200 7.0026639E-05 
71300 6.9720445E-05 
71400 6.9415459E-05 
71500 6.9111687E-05 
71600 6.8809131E-05 
71700 6.8507776E-05 
71800 6.8207613E-05 
71900 6.7908659E-05 
72000 6.761089E-05 
72100 6.7314315E-05 
72200 6.7018926E-05 
72300 6.6724715E-05 
72400 6.643169E-05 
72500 6.613983E-05 
72600 6.5849141E-05 
72700 6.5559623E-05 
72800 6.5271262E-05 
72900 6.4984059E-05 
73000 6.4698012E-05 
73100 6.4413114E-05 
73200 6.4129366E-05 
73300 6.3846761E-05 
73400 6.3565298E-05 
73500 6.3284962E-05 
73600 6.3005762E-05 
73700 6.272769E-05 
73800 6.2450745E-05 
73900 6.2174913E-05 
74000 6.1900202E-05 
74100 6.1626604E-05 
74200 6.135412E-05 
74300 6.1082734E-05 
74400 6.081245E-05 
74500 6.0543265E-05 
74600 6.0275172E-05 
74700 6.0008173E-05 
74800 5.9742259E-05 
74900 5.9477425E-05 
75000 5.9213671E-05 
75100 5.8950995E-05 
75200 5.8689391E-05 
75300 5.8428854E-05 
75400 5.8169378E-05 
75500 5.7910966E-05 
75600 5.7653611E-05 
75700 5.7397308E-05 
75800 5.7142057E-05 
75900 5.6887849E-05 
76000 5.6634686E-05 
76100 5.638256E-05 
76200 5.613147E-05 
76300 5.5881414E-05 
76400 5.5632383E-05 
76500 5.5384378E-05 
76600 5.5137392E-05 
76700 5.4891425E-05 
76800 5.4646469E-05 
76900 5.4402524E-05 
77000 5.4159587E-05 
77100 5.3917651E-05 
77200 5.3676715E-05 
77300 5.3436775E-05 
77400 5.3197829E-05 
77500 5.2959869E-05 
77600 5.2722899E-05 
77700 5.2486906E-05 
77800 5.2251893E-05 
77900 5.2017855E-05 
78000 5.1784788E-05 
78100 5.1552688E-05 
78200 5.1321556E-05 
78300 5.1091381E-05 
78400 5.0862163E-05 
78500 5.0633902E-05 
78600 5.040659E-05 
78700 5.0180228E-05 
78800 4.9954808E-05 
78900 4.9730326E-05 
79000 4.9506783E-05 
79100 4.9284175E-05 
79200 4.9062495E-05 
79300 4.8841743E-05 
79400 4.8621914E-05 
79500 4.8403006E-05 
79600 4.8185011E-05 
79700 4.7967933E-05 
79800 4.7751764E-05 
79900 4.7536501E-05 
80000 4.7322144E-05 
80100 4.7108686E-05 
80200 4.6896126E-05 
80300 4.6684458E-05 
80400 4.647368E-05 
80500 4.6263787E-05 
80600 4.6054782E-05 
80700 4.5846657E-05 
80800 4.5639408E-05 
80900 4.5433033E-05 
81000 4.5227527E-05 
81100 4.5022891E-05 
81200 4.4819117E-05 
81300 4.4616205E-05 
81400 4.4414151E-05 
81500 4.4212953E-05 
81600 4.4012606E-05 
81700 4.3813106E-05 
81800 4.3614451E-05 
81900 4.341664E-05 
82000 4.3219668E-05 
82100 4.302353E-05 
82200 4.2828226E-05 
82300 4.263375E-05 
82400 4.2440101E-05 
82500 4.2247277E-05 
82600 4.2055271E-05 
82700 4.1864081E-05 
82800 4.1673709E-05 
82900 4.1484145E-05 
83000 4.1295389E-05 
83100 4.110744E-05 
83200 4.0920291E-05 
83300 4.0733939E-05 
83400 4.0548384E-05 
83500 4.0363622E-05 
83600 4.017965E-05 
83700 3.9996467E-05 
83800 3.9814066E-05 
83900 3.9632443E-05 
84000 3.9451599E-05 
84100 3.927153E-05 
84200 3.9092232E-05 
84300 3.8913706E-05 
84400 3.8735943E-05 
84500 3.8558945E-05 
84600 3.8382706E-05 
84700 3.8207225E-05 
84800 3.8032496E-05 
84900 3.7858521E-05 
85000 3.7685291E-05 
85100 3.7512811E-05 
85200 3.7341069E-05 
85300 3.717007E-05 
85400 3.6999805E-05 
85500 3.6830279E-05 
85600 3.666148E-05 
85700 3.6493409E-05 
85800 3.6326066E-05 
85900 3.6159447E-05 
86000 3.5993547E-05 
86100 3.5828361E-05 
86200 3.5663892E-05 
86300 3.5500136E-05 
86400 3.5337085E-05 
86500 3.5174744E-05 
86600 3.5013105E-05 
86700 3.4852164E-05 
86800 3.4691926E-05 
86900 3.4532379E-05 
87000 3.4373526E-05 
87100 3.4215362E-05 
87200 3.4057884E-05 
87300 3.3901091E-05 
87400 3.3744982E-05 
87500 3.3589549E-05 
87600 3.3434793E-05 
87700 3.328071E-05 
87800 3.31273E-05 
87900 3.2974556E-05 
88000 3.2822481E-05 
88100 3.2671065E-05 
88200 3.2520311E-05 
88300 3.2370215E-05 
88400 3.2220774E-05 
88500 3.2071985E-05 
88600 3.1923846E-05 
88700 3.1776355E-05 
88800 3.1629512E-05 
88900 3.1483309E-05 
89000 3.1337742E-05 
89100 3.1192816E-05 
89200 3.1048523E-05 
89300 3.0904863E-05 
89400 3.0761832E-05 
89500 3.0619431E-05 
89600 3.0477651E-05 
89700 3.0336494E-05 
89800 3.0195957E-05 
89900 3.0056037E-05 
90000 2.9916731E-05 
90100 2.9778039E-05 
90200 2.9639956E-05 
90300 2.9502478E-05 
90400 2.9365608E-05 
90500 2.9229339E-05 
90600 2.909367E-05 
90700 2.8958599E-05 
90800 2.8824123E-05 
90900 2.869024E-05 
91000 2.8556946E-05 
91100 2.8424241E-05 
91200 2.8292121E-05 
91300 2.8160586E-05 
91400 2.802963E-05 
91500 2.7899254E-05 
91600 2.7769453E-05 
91700 2.7640226E-05 
91800 2.7511571E-05 
91900 2.7383485E-05 
92000 2.7255966E-05 
92100 2.7129012E-05 
92200 2.7002619E-05 
92300 2.6876787E-05 
92400 2.6751513E-05 
92500 2.6626794E-05 
92600 2.6502628E-05 
92700 2.6379013E-05 
92800 2.6255948E-05 
92900 2.6133428E-05 
93000 2.6011452E-05 
93100 2.589002E-05 
93200 2.5769126E-05 
93300 2.5648769E-05 
93400 2.5528949E-05 
93500 2.5409661E-05 
93600 2.5290905E-05 
93700 2.5172678E-05 
93800 2.5054977E-05 
93900 2.4937799E-05 
94000 2.4821145E-05 
94100 2.470501E-05 
94200 2.4589395E-05 
94300 2.4474295E-05 
94400 2.4359708E-05 
94500 2.4245634E-05 
94600 2.4132067E-05 
94700 2.4019009E-05 
94800 2.3906457E-05 
94900 2.3794408E-05 
95000 2.3682858E-05 
95100 2.3571809E-05 
95200 2.3461258E-05 
95300 2.33512E-05 
95400 2.3241635E-05 
95500 2.3132563E-05 
95600 2.3023978E-05 
95700 2.291588E-05 
95800 2.2808266E-05 
95900 2.2701135E-05 
96000 2.2594486E-05 
96100 2.2488315E-05 
96200 2.2382621E-05 
96300 2.2277402E-05 
96400 2.2172655E-05 
96500 2.2068378E-05 
96600 2.1964572E-05 
96700 2.1861231E-05 
96800 2.1758357E-05 
96900 2.1655944E-05 
97000 2.1553991E-05 
97100 2.1452499E-05 
97200 2.1351465E-05 
97300 2.1250884E-05 
97400 2.1150758E-05 
97500 2.1051083E-05 
97600 2.0951858E-05 
97700 2.085308E-05 
97800 2.0754747E-05 
97900 2.065686E-05 
98000 2.0559413E-05 
98100 2.0462408E-05 
98200 2.036584E-05 
98300 2.0269708E-05 
98400 2.0174013E-05 
98500 2.0078749E-05 
98600 1.9983916E-05 
98700 1.9889512E-05 
98800 1.9795536E-05 
98900 1.9701985E-05 
99000 1.9608859E-05 
99100 1.9516154E-05 
99200 1.9423869E-05 
99300 1.9332003E-05 
99400 1.9240553E-05 
99500 1.9149518E-05 
99600 1.9058896E-05 
99700 1.8968685E-05 
99800 1.8878884E-05 
99900 1.8789491E-05 
100000 1.8700504E-05 
100100 1.8611921E-05 
100200 1.852374E-05 
100300 1.8435961E-05 
100400 1.8348583E-05 
100500 1.82616E-05 
100600 1.8175013E-05 
100700 1.8088822E-05 
100800 1.8003022E-05 
100900 1.7917613E-05 
101000 1.7832592E-05 
101100 1.774796E-05 
101200 1.7663713E-05 
101300 1.757985E-05 
101400 1.7496372E-05 
101500 1.7413271E-05 
101600 1.7330553E-05 
101700 1.7248209E-05 
101800 1.7166243E-05 
101900 1.7084651E-05 
102000 1.7003433E-05 
102100 1.6922584E-05 
102200 1.6842107E-05 
102300 1.6761996E-05 
102400 1.6682252E-05 
102500 1.6602873E-05 
102600 1.6523856E-05 
102700 1.6445203E-05 
102800 1.6366908E-05 
102900 1.6288974E-05 
103000 1.6211396E-05 
103100 1.6134172E-05 
103200 1.6057304E-05 
103300 1.5980786E-05 
103400 1.5904621E-05 
103500 1.5828806E-05 
103600 1.5753338E-05 
103700 1.5678215E-05 
103800 1.5603438E-05 
103900 1.5529005E-05 
104000 1.5454912E-05 
104100 1.5381162E-05 
104200 1.5307749E-05 
104300 1.5234675E-05 
104400 1.5161936E-05 
104500 1.5089532E-05 
104600 1.5017461E-05 
104700 1.4945722E-05 
104800 1.4874313E-05 
104900 1.4803232E-05 
105000 1.4732479E-05 
105100 1.4662052E-05 
105200 1.4591949E-05 
105300 1.452217E-05 
105400 1.4452713E-05 
105500 1.4383575E-05 
105600 1.4314756E-05 
105700 1.4246256E-05 
105800 1.4178071E-05 
105900 1.4110201E-05 
106000 1.4042644E-05 
106100 1.3975399E-05 
106200 1.3908465E-05 
106300 1.384184E-05 
106400 1.3775523E-05 
106500 1.3709513E-05 
106600 1.3643808E-05 
106700 1.3578407E-05 
106800 1.3513308E-05 
106900 1.3448511E-05 
107000 1.3384013E-05 
107100 1.3319815E-05 
107200 1.3255913E-05 
107300 1.3192307E-05 
107400 1.3128996E-05 
107500 1.3065979E-05 
107600 1.3003253E-05 
107700 1.2940819E-05 
107800 1.2878674E-05 
107900 1.2816818E-05 
108000 1.2755248E-05 
108100 1.2693964E-05 
108200 1.2632964E-05 
108300 1.2572248E-05 
108400 1.2511814E-05 
108500 1.245166E-05 
108600 1.2391786E-05 
108700 1.2332191E-05 
108800 1.2272872E-05 
108900 1.2213829E-05 
109000 1.2155061E-05 
109100 1.2096566E-05 
109200 1.2038343E-05 
109300 1.1980392E-05 
109400 1.192271E-05 
109500 1.1865296E-05 
109600 1.180815E-05 
109700 1.175127E-05 
109800 1.1694656E-05 
109900 1.1638304E-05 
110000 1.1582217E-05 
110100 1.1526389E-05 
110200 1.1470824E-05 
110300 1.1415516E-05 
110400 1.1360467E-05 
110500 1.1305675E-05 
110600 1.1251139E-05 
110700 1.1196857E-05 
110800 1.1142828E-05 
110900 1.1089052E-05 
111000 1.1035528E-05 
111100 1.0982253E-05 
111200 1.0929228E-05 
111300 1.087645E-05 
111400 1.0823919E-05 
111500 1.0771634E-05 
111600 1.0719594E-05 
111700 1.0667796E-05 
111800 1.0616242E-05 
111900 1.0564929E-05 
112000 1.0513856E-05 
112100 1.0463022E-05 
112200 1.0412426E-05 
112300 1.0362068E-05 
112400 1.0311946E-05 
112500 1.0262057E-05 
112600 1.0212404E-05 
112700 1.0162983E-05 
112800 1.0113794E-05 
112900 1.0064836E-05 
113000 1.0016107E-05 
113100 9.9676072E-06 
113200 9.9193348E-06 
113300 9.871289E-06 
113400 9.8234696E-06 
113500 9.7758739E-06 
113600 9.7285019E-06 
113700 9.6813537E-06 
113800 9.6344256E-06 
113900 9.5877194E-06 
114000 9.5412324E-06 
114100 9.4949637E-06 
114200 9.4489124E-06 
114300 9.4030784E-06 
114400 9.3574599E-06 
114500 9.3120561E-06 
114600 9.2668661E-06 
114700 9.2218897E-06 
114800 9.1771244E-06 
114900 9.1325692E-06 
115000 9.0882249E-06 
115100 9.0440899E-06 
115200 9.0001622E-06 
115300 8.9564419E-06 
115400 8.912928E-06 
115500 8.8696188E-06 
115600 8.8265142E-06 
115700 8.7836133E-06 
115800 8.7409144E-06 
115900 8.6984173E-06 
116000 8.6561213E-06 
116100 8.6140244E-06 
116200 8.5721267E-06 
116300 8.5304264E-06 
116400 8.4889243E-06 
116500 8.4476169E-06 
116600 8.4065059E-06 
116700 8.3655887E-06 
116800 8.3248651E-06 
116900 8.2843344E-06 
117000 8.2439947E-06 
117100 8.2038468E-06 
117200 8.1638882E-06 
117300 8.1241187E-06 
117400 8.0845384E-06 
117500 8.0451446E-06 
117600 8.0059381E-06 
117700 7.9669171E-06 
117800 7.9280808E-06 
117900 7.8894282E-06 
118000 7.8509593E-06 
118100 7.8126732E-06 
118200 7.7745681E-06 
118300 7.7366431E-06 
118400 7.698899E-06 
118500 7.6613333E-06 
118600 7.6239467E-06 
118700 7.586737E-06 
118800 7.5497037E-06 
118900 7.5128469E-06 
119000 7.4761647E-06 
119100 7.4396567E-06 
119200 7.4033223E-06 
119300 7.3671604E-06 
119400 7.3311703E-06 
119500 7.2953517E-06 
119600 7.2597031E-06 
119700 7.2242242E-06 
119800 7.1889135E-06 
119900 7.1537711E-06 
120000 7.118796E-06 
120100 7.0839874E-06 
120200 7.0493443E-06 
120300 7.0148662E-06 
120400 6.9805524E-06 
120500 6.9464018E-06 
120600 6.9124139E-06 
120700 6.878588E-06 
120800 6.8449231E-06 
120900 6.8114186E-06 
121000 6.7780738E-06 
121100 6.7448882E-06 
121200 6.7118608E-06 
121300 6.6789908E-06 
121400 6.6462776E-06 
121500 6.6137204E-06 
121600 6.5813183E-06 
121700 6.5490713E-06 
121800 6.5169779E-06 
121900 6.4850378E-06 
122000 6.4532505E-06 
122100 6.4216147E-06 
122200 6.3901302E-06 
122300 6.3587959E-06 
122400 6.3276116E-06 
122500 6.296576E-06 
122600 6.2656891E-06 
122700 6.2349495E-06 
122800 6.2043573E-06 
122900 6.1739111E-06 
123000 6.1436103E-06 
123100 6.1134547E-06 
123200 6.0834436E-06 
123300 6.0535758E-06 
123400 6.0238513E-06 
123500 5.994269E-06 
123600 5.9648282E-06 
123700 5.9355284E-06 
123800 5.9063691E-06 
123900 5.8773494E-06 
124000 5.8484688E-06 
124100 5.8197265E-06 
124200 5.791122E-06 
124300 5.7626544E-06 
124400 5.7343236E-06 
124500 5.7061284E-06 
124600 5.6780686E-06 
124700 5.6501435E-06 
124800 5.6223521E-06 
124900 5.5946944E-06 
125000 5.5671694E-06 
125100 5.5397763E-06 
125200 5.5125147E-06 
125300 5.485384E-06 
125400 5.4583838E-06 
125500 5.4315133E-06 
125600 5.4047719E-06 
125700 5.3781587E-06 
125800 5.3516733E-06 
125900 5.3253157E-06 
126000 5.2990845E-06 
126100 5.2729797E-06 
126200 5.247E-06 
126300 5.2211453E-06 
126400 5.1954153E-06 
126500 5.1698089E-06 
126600 5.1443258E-06 
126700 5.1189654E-06 
126800 5.0937269E-06 
126900 5.0686099E-06 
127000 5.0436138E-06 
127100 5.0187382E-06 
127200 4.9939827E-06 
127300 4.9693458E-06 
127400 4.9448281E-06 
127500 4.9204286E-06 
127600 4.8961465E-06 
127700 4.8719812E-06 
127800 4.8479328E-06 
127900 4.8239999E-06 
128000 4.800183E-06 
128100 4.7764806E-06 
128200 4.7528924E-06 
128300 4.7294184E-06 
128400 4.7060576E-06 
128500 4.6828095E-06 
128600 4.6596733E-06 
128700 4.6366495E-06 
128800 4.6137361E-06 
128900 4.5909337E-06 
129000 4.5682418E-06 
129100 4.5456591E-06 
129200 4.5231855E-06 
129300 4.5008205E-06 
129400 4.4785638E-06 
129500 4.4564144E-06 
129600 4.4343724E-06 
129700 4.4124367E-06 
129800 4.390607E-06 
129900 4.3688833E-06 
130000 4.3472642E-06 
130100 4.3257501E-06 
130200 4.3043401E-06 
130300 4.2830334E-06 
130400 4.2618299E-06 
130500 4.2407291E-06 
130600 4.2197307E-06 
130700 4.1988337E-06 
130800 4.1780381E-06 
130900 4.157343E-06 
131000 4.1367484E-06 
131100 4.1162534E-06 
131200 4.0958575E-06 
131300 4.0755608E-06 
131400 4.0553628E-06 
131500 4.035262E-06 
131600 4.015259E-06 
131700 3.9953534E-06 
131800 3.9755437E-06 
131900 3.9558304E-06 
132000 3.9362126E-06 
132100 3.9166903E-06 
132200 3.8972626E-06 
132300 3.877929E-06 
132400 3.8586895E-06 
132500 3.8395433E-06 
132600 3.8204898E-06 
132700 3.8015294E-06 
132800 3.7826608E-06 
132900 3.7638838E-06 
133000 3.7451982E-06 
133100 3.7266034E-06 
133200 3.7080988E-06 
133300 3.6896843E-06 
133400 3.6713591E-06 
133500 3.6531233E-06 
133600 3.6349759E-06 
133700 3.6169167E-06 
133800 3.5989456E-06 
133900 3.5810619E-06 
134000 3.5632652E-06 
134100 3.545555E-06 
134200 3.5279311E-06 
134300 3.5103928E-06 
134400 3.4929401E-06 
134500 3.4755724E-06 
134600 3.458289E-06 
134700 3.44109E-06 
134800 3.4239747E-06 
134900 3.4069428E-06 
135000 3.3899939E-06 
135100 3.3731276E-06 
135200 3.3563433E-06 
135300 3.3396411E-06 
135400 3.3230201E-06 
135500 3.3064803E-06 
135600 3.2900211E-06 
135700 3.2736423E-06 
135800 3.2573432E-06 
135900 3.2411235E-06 
136000 3.2249832E-06 
136100 3.2089215E-06 
136200 3.1929383E-06 
136300 3.177033E-06 
136400 3.1612053E-06 
136500 3.1454549E-06 
136600 3.1297816E-06 
136700 3.1141847E-06 
136800 3.0986639E-06 
136900 3.0832191E-06 
137000 3.0678495E-06 
137100 3.0525553E-06 
137200 3.0373355E-06 
137300 3.0221904E-06 
137400 3.0071192E-06 
137500 2.9921216E-06 
137600 2.9771975E-06 
137700 2.9623461E-06 
137800 2.9475675E-06 
137900 2.9328612E-06 
138000 2.918227E-06 
138100 2.9036642E-06 
138200 2.8891727E-06 
138300 2.874752E-06 
138400 2.860402E-06 
138500 2.8461222E-06 
138600 2.8319123E-06 
138700 2.8177722E-06 
138800 2.8037011E-06 
138900 2.789699E-06 
139000 2.7757653E-06 
139100 2.7619001E-06 
139200 2.7481028E-06 
139300 2.7343729E-06 
139400 2.7207104E-06 
139500 2.7071151E-06 
139600 2.6935861E-06 
139700 2.6801235E-06 
139800 2.6667269E-06 
139900 2.6533962E-06 
140000 2.6401308E-06 
140100 2.6269304E-06 
140200 2.6137948E-06 
140300 2.6007235E-06 
140400 2.5877164E-06 
140500 2.5747731E-06 
140600 2.5618936E-06 
140700 2.549077E-06 
140800 2.5363236E-06 
140900 2.5236325E-06 
141000 2.5110039E-06 
141100 2.4984374E-06 
141200 2.4859323E-06 
141300 2.4734891E-06 
141400 2.4611068E-06 
141500 2.4487852E-06 
141600 2.4365243E-06 
141700 2.4243236E-06 
141800 2.4121828E-06 
141900 2.4001019E-06 
142000 2.3880802E-06 
142100 2.3761177E-06 
142200 2.364214E-06 
142300 2.3523689E-06 
142400 2.3405821E-06 
142500 2.328853E-06 
142600 2.317182E-06 
142700 2.3055682E-06 
142800 2.2940117E-06 
142900 2.2825118E-06 
143000 2.2710688E-06 
143100 2.2596819E-06 
143200 2.2483512E-06 
143300 2.2370764E-06 
143400 2.2258569E-06 
143500 2.2146928E-06 
143600 2.2035836E-06 
143700 2.1925293E-06 
143800 2.1815292E-06 
143900 2.1705835E-06 
144000 2.1596918E-06 
144100 2.1488536E-06 
144200 2.138069E-06 
144300 2.1273374E-06 
144400 2.1166588E-06 
144500 2.1060328E-06 
144600 2.0954592E-06 
144700 2.0849379E-06 
144800 2.0744683E-06 
144900 2.0640505E-06 
145000 2.0536841E-06 
145100 2.0433688E-06 
145200 2.0331045E-06 
145300 2.0228906E-06 
145400 2.0127275E-06 
145500 2.0026143E-06 
145600 1.992551E-06 
145700 1.9825375E-06 
145800 1.9725735E-06 
145900 1.9626586E-06 
146000 1.9527927E-06 
146100 1.9429756E-06 
146200 1.9332069E-06 
146300 1.9234867E-06 
146400 1.9138145E-06 
146500 1.9041898E-06 
146600 1.8946129E-06 
146700 1.8850833E-06 
146800 1.8756008E-06 
146900 1.8661652E-06 
147000 1.8567763E-06 
147100 1.8474339E-06 
147200 1.8381376E-06 
147300 1.8288872E-06 
147400 1.8196827E-06 
147500 1.8105237E-06 
147600 1.80141E-06 
147700 1.7923414E-06 
147800 1.7833178E-06 
147900 1.7743388E-06 
148000 1.7654042E-06 
148100 1.7565139E-06 
148200 1.7476676E-06 
148300 1.7388652E-06 
148400 1.7301063E-06 
148500 1.7213907E-06 
148600 1.7127185E-06 
148700 1.7040891E-06 
148800 1.6955025E-06 
148900 1.6869585E-06 
149000 1.6784568E-06 
149100 1.6699972E-06 
149200 1.6615796E-06 
149300 1.6532036E-06 
149400 1.6448694E-06 
149500 1.6365763E-06 
149600 1.6283244E-06 
149700 1.6201134E-06 
149800 1.6119432E-06 
149900 1.6038134E-06 
150000 1.595724E-06 
150100 1.5876748E-06 
150200 1.5796655E-06 
150300 1.571696E-06 
150400 1.563766E-06 
150500 1.5558754E-06 
150600 1.5480239E-06 
150700 1.5402114E-06 
150800 1.5324378E-06 
150900 1.5247027E-06 
151000 1.5170061E-06 
151100 1.5093476E-06 
151200 1.5017273E-06 
151300 1.4941447E-06 
151400 1.4865999E-06 
151500 1.4790926E-06 
151600 1.4716226E-06 
151700 1.4641896E-06 
151800 1.4567937E-06 
151900 1.4494345E-06 
152000 1.4421119E-06 
152100 1.4348257E-06 
152200 1.4275757E-06 
152300 1.4203619E-06 
152400 1.4131839E-06 
152500 1.4060415E-06 
152600 1.3989347E-06 
152700 1.3918633E-06 
152800 1.3848271E-06 
152900 1.3778259E-06 
153000 1.3708595E-06 
153100 1.3639278E-06 
153200 1.3570307E-06 
153300 1.3501677E-06 
153400 1.3433391E-06 
153500 1.3365444E-06 
153600 1.3297836E-06 
153700 1.3230564E-06 
153800 1.3163627E-06 
153900 1.3097024E-06 
154000 1.3030754E-06 
154100 1.2964812E-06 
154200 1.28992E-06 
154300 1.2833914E-06 
154400 1.2768953E-06 
154500 1.2704318E-06 
154600 1.2640003E-06 
154700 1.257601E-06 
154800 1.2512335E-06 
154900 1.2448978E-06 
155000 1.2385937E-06 
155100 1.232321E-06 
155200 1.2260797E-06 
155300 1.2198694E-06 
155400 1.2136902E-06 
155500 1.2075418E-06 
155600 1.201424E-06 
155700 1.1953368E-06 
155800 1.1892799E-06 
155900 1.1832534E-06 
156000 1.1772569E-06 
156100 1.1712903E-06 
156200 1.1653535E-06 
156300 1.1594464E-06 
156400 1.1535686E-06 
156500 1.1477204E-06 
156600 1.1419013E-06 
156700 1.1361113E-06 
156800 1.1303503E-06 
156900 1.1246179E-06 
157000 1.1189143E-06 
157100 1.1132391E-06 
157200 1.1075923E-06 
157300 1.1019737E-06 
157400 1.0963832E-06 
157500 1.0908207E-06 
157600 1.0852859E-06 
157700 1.0797789E-06 
157800 1.0742993E-06 
157900 1.0688473E-06 
158000 1.0634225E-06 
158100 1.0580247E-06 
158200 1.0526539E-06 
158300 1.0473101E-06 
158400 1.0419931E-06 
158500 1.0367025E-06 
158600 1.0314385E-06 
158700 1.0262008E-06 
158800 1.0209893E-06 
158900 1.0158039E-06 
159000 1.0106446E-06 
159100 1.005511E-06 
159200 1.0004031E-06 
159300 9.9532076E-07 
159400 9.9026397E-07 
159500 9.8523242E-07 
159600 9.802261E-07 
159700 9.752448E-07 
159800 9.7028851E-07 
159900 9.6535712E-07 
160000 9.6045039E-07 
160100 9.5556823E-07 
160200 9.507105E-07 
160300 9.4587716E-07 
160400 9.4106804E-07 
160500 9.3628302E-07 
160600 9.3152204E-07 
160700 9.2678488E-07 
160800 9.2207148E-07 
160900 9.1738173E-07 
161000 9.1271551E-07 
161100 9.0807265E-07 
161200 9.034531E-07 
161300 8.9885674E-07 
161400 8.9428346E-07 
161500 8.8973309E-07 
161600 8.8520557E-07 
161700 8.8070072E-07 
161800 8.7621856E-07 
161900 8.7175886E-07 
162000 8.6732155E-07 
162100 8.6290652E-07 
162200 8.5851366E-07 
162300 8.5414285E-07 
162400 8.4979399E-07 
162500 8.4546696E-07 
162600 8.4116164E-07 
162700 8.3687797E-07 
162800 8.3261585E-07 
162900 8.2837511E-07 
163000 8.2415568E-07 
163100 8.1995745E-07 
163200 8.1578031E-07 
163300 8.116242E-07 
163400 8.0748896E-07 
163500 8.0337452E-07 
163600 7.9928071E-07 
163700 7.9520754E-07 
163800 7.9115478E-07 
163900 7.8712247E-07 
164000 7.8311041E-07 
164100 7.7911852E-07 
164200 7.751467E-07 
164300 7.7119489E-07 
164400 7.6726292E-07 
164500 7.6335073E-07 
164600 7.5945826E-07 
164700 7.5558535E-07 
164800 7.5173193E-07 
164900 7.478979E-07 
165000 7.440832E-07 
165100 7.4028765E-07 
165200 7.3651125E-07 
165300 7.3275385E-07 
165400 7.2901537E-07 
165500 7.2529571E-07 
165600 7.2159474E-07 
165700 7.1791243E-07 
165800 7.142487E-07 
165900 7.1060339E-07 
166000 7.0697649E-07 
166100 7.0336779E-07 
166200 6.9977733E-07 
166300 6.9620495E-07 
166400 6.9265053E-07 
166500 6.8911407E-07 
166600 6.8559541E-07 
166700 6.8209448E-07 
166800 6.7861117E-07 
166900 6.7514549E-07 
167000 6.7169725E-07 
167100 6.6826635E-07 
167200 6.6485279E-07 
167300 6.6145645E-07 
167400 6.5807723E-07 
167500 6.5471505E-07 
167600 6.5136987E-07 
167700 6.4804152E-07 
167800 6.4472994E-07 
167900 6.4143512E-07 
168000 6.3815691E-07 
168100 6.3489523E-07 
168200 6.3164998E-07 
168300 6.2842116E-07 
168400 6.252086E-07 
168500 6.2201229E-07 
168600 6.1883208E-07 
168700 6.1566794E-07 
168800 6.1251978E-07 
168900 6.0938754E-07 
169000 6.062711E-07 
169100 6.0317035E-07 
169200 6.0008534E-07 
169300 5.9701586E-07 
169400 5.9396189E-07 
169500 5.9092338E-07 
169600 5.8790016E-07 
169700 5.8489223E-07 
169800 5.8189954E-07 
169900 5.7892197E-07 
170000 5.759594E-07 
170100 5.7301185E-07 
170200 5.7007918E-07 
170300 5.6716135E-07 
170400 5.6425824E-07 
170500 5.6136986E-07 
170600 5.5849603E-07 
170700 5.5563675E-07 
170800 5.527919E-07 
170900 5.499615E-07 
171000 5.4714536E-07 
171100 5.4434349E-07 
171200 5.4155578E-07 
171300 5.3878222E-07 
171400 5.3602264E-07 
171500 5.3327705E-07 
171600 5.3054532E-07 
171700 5.2782741E-07 
171800 5.2512331E-07 
171900 5.2243286E-07 
172000 5.1975604E-07 
172100 5.1709276E-07 
172200 5.1444295E-07 
172300 5.118066E-07 
172400 5.0918356E-07 
172500 5.0657383E-07 
172600 5.0397728E-07 
172700 5.0139391E-07 
172800 4.9882362E-07 
172900 4.9626635E-07 
173000 4.9372204E-07 
173100 4.9119058E-07 
173200 4.8867196E-07 
173300 4.8616613E-07 
173400 4.8367298E-07 
173500 4.8119244E-07 
173600 4.7872453E-07 
173700 4.7626907E-07 
173800 4.7382608E-07 
173900 4.7139548E-07 
174000 4.6897719E-07 
174100 4.6657118E-07 
174200 4.6417733E-07 
174300 4.6179565E-07 
174400 4.5942605E-07 
174500 4.5706847E-07 
174600 4.5472282E-07 
174700 4.5238909E-07 
174800 4.5006718E-07 
174900 4.4775706E-07 
175000 4.4545865E-07 
175100 4.4317193E-07 
175200 4.4089677E-07 
175300 4.3863318E-07 
175400 4.3638107E-07 
175500 4.3414039E-07 
175600 4.319111E-07 
175700 4.296931E-07 
175800 4.2748638E-07 
175900 4.2529086E-07 
176000 4.2310648E-07 
176100 4.2093319E-07 
176200 4.1877092E-07 
176300 4.1661966E-07 
176400 4.144793E-07 
176500 4.1234983E-07 
176600 4.1023117E-07 
176700 4.0812327E-07 
176800 4.0602609E-07 
176900 4.0393954E-07 
177000 4.0186362E-07 
177100 3.9979821E-07 
177200 3.9774332E-07 
177300 3.9569886E-07 
177400 3.9366481E-07 
177500 3.9164109E-07 
177600 3.8962764E-07 
177700 3.8762445E-07 
177800 3.8563144E-07 
177900 3.8364857E-07 
178000 3.8167576E-07 
178100 3.7971299E-07 
178200 3.7776019E-07 
178300 3.7581734E-07 
178400 3.7388435E-07 
178500 3.7196119E-07 
178600 3.7004784E-07 
178700 3.6814421E-07 
178800 3.6625025E-07 
178900 3.6436595E-07 
179000 3.6249122E-07 
179100 3.6062605E-07 
179200 3.5877034E-07 
179300 3.5692409E-07 
179400 3.5508725E-07 
179500 3.5325974E-07 
179600 3.5144154E-07 
179700 3.4963259E-07 
179800 3.4783284E-07 
179900 3.4604227E-07 
180000 3.4426083E-07 
180100 3.4248842E-07 
180200 3.4072505E-07 
180300 3.3897069E-07 
180400 3.3722523E-07 
180500 3.3548869E-07 
180600 3.3376097E-07 
180700 3.3204205E-07 
180800 3.3033191E-07 
180900 3.2863048E-07 
181000 3.2693771E-07 
181100 3.2525355E-07 
181200 3.2357798E-07 
181300 3.2191096E-07 
181400 3.2025244E-07 
181500 3.1860236E-07 
181600 3.1696069E-07 
181700 3.1532738E-07 
181800 3.1370243E-07 
181900 3.1208575E-07 
182000 3.104773E-07 
182100 3.0887705E-07 
182200 3.0728498E-07 
182300 3.0570101E-07 
182400 3.0412514E-07 
182500 3.0255728E-07 
182600 3.0099744E-07 
182700 2.9944553E-07 
182800 2.9790155E-07 
182900 2.9636547E-07 
183000 2.9483721E-07 
183100 2.9331673E-07 
183200 2.9180404E-07 
183300 2.9029906E-07 
183400 2.8880174E-07 
183500 2.8731208E-07 
183600 2.8583003E-07 
183700 2.8435554E-07 
183800 2.8288855E-07 
183900 2.8142907E-07 
184000 2.7997706E-07 
184100 2.7853244E-07 
184200 2.7709518E-07 
184300 2.7566529E-07 
184400 2.7424269E-07 
184500 2.7282738E-07 
184600 2.7141928E-07 
184700 2.7001835E-07 
184800 2.686246E-07 
184900 2.6723797E-07 
185000 2.6585843E-07 
185100 2.6448592E-07 
185200 2.6312043E-07 
185300 2.6176193E-07 
185400 2.6041036E-07 
185500 2.590657E-07 
185600 2.5772789E-07 
185700 2.5639696E-07 
185800 2.5507279E-07 
185900 2.5375542E-07 
186000 2.5244478E-07 
186100 2.5114082E-07 
186200 2.4984357E-07 
186300 2.4855291E-07 
186400 2.4726887E-07 
186500 2.4599137E-07 
186600 2.4472044E-07 
186700 2.4345599E-07 
186800 2.4219801E-07 
186900 2.4094646E-07 
187000 2.3970134E-07 
187100 2.3846255E-07 
187200 2.3723013E-07 
187300 2.36004E-07 
187400 2.3478415E-07 
187500 2.3357053E-07 
187600 2.3236313E-07 
187700 2.3116191E-07 
187800 2.2996684E-07 
187900 2.2877788E-07 
188000 2.2759501E-07 
188100 2.2641819E-07 
188200 2.252474E-07 
188300 2.240826E-07 
188400 2.2292377E-07 
188500 2.2177086E-07 
188600 2.2062387E-07 
188700 2.1948274E-07 
188800 2.1834747E-07 
188900 2.17218E-07 
189000 2.1609432E-07 
189100 2.149764E-07 
189200 2.138642E-07 
189300 2.127577E-07 
189400 2.1165687E-07 
189500 2.1056168E-07 
189600 2.0947211E-07 
189700 2.083881E-07 
189800 2.0730967E-07 
189900 2.0623675E-07 
190000 2.0516934E-07 
190100 2.0410739E-07 
190200 2.0305089E-07 
190300 2.0199981E-07 
190400 2.009541E-07 
190500 1.9991377E-07 
190600 1.9887877E-07 
190700 1.9784908E-07 
190800 1.9682466E-07 
190900 1.958055E-07 
191000 1.9479155E-07 
191100 1.9378282E-07 
191200 1.9277925E-07 
191300 1.9178084E-07 
191400 1.9078755E-07 
191500 1.8979935E-07 
191600 1.8881623E-07 
191700 1.8783814E-07 
191800 1.8686507E-07 
191900 1.8589699E-07 
192000 1.849339E-07 
192100 1.8397573E-07 
192200 1.8302248E-07 
192300 1.8207413E-07 
192400 1.8113064E-07 
192500 1.80192E-07 
192600 1.7925817E-07 
192700 1.7832915E-07 
192800 1.7740487E-07 
192900 1.7648536E-07 
193000 1.7557056E-07 
193100 1.7466047E-07 
193200 1.7375504E-07 
193300 1.7285426E-07 
193400 1.7195812E-07 
193500 1.7106657E-07 
193600 1.701796E-07 
193700 1.6929718E-07 
193800 1.6841931E-07 
193900 1.6754593E-07 
194000 1.6667705E-07 
194100 1.6581264E-07 
194200 1.6495267E-07 
194300 1.640971E-07 
194400 1.6324594E-07 
194500 1.6239916E-07 
194600 1.6155673E-07 
194700 1.6071861E-07 
194800 1.5988482E-07 
194900 1.590553E-07 
195000 1.5823005E-07 
195100 1.5740905E-07 
195200 1.5659226E-07 
195300 1.5577969E-07 
195400 1.5497127E-07 
195500 1.5416703E-07 
195600 1.5336691E-07 
195700 1.5257091E-07 
195800 1.5177901E-07 
195900 1.5099117E-07 
196000 1.5020738E-07 
196100 1.4942763E-07 
196200 1.4865189E-07 
196300 1.4788016E-07 
196400 1.4711237E-07 
196500 1.4634854E-07 
196600 1.4558864E-07 
196700 1.4483267E-07 
196800 1.4408056E-07 
196900 1.4333234E-07 
197000 1.4258796E-07 
197100 1.4184742E-07 
197200 1.4111069E-07 
197300 1.4037774E-07 
197400 1.3964858E-07 
197500 1.3892316E-07 
197600 1.3820147E-07 
197700 1.3748351E-07 
197800 1.3676924E-07 
197900 1.3605866E-07 
198000 1.3535173E-07 
198100 1.3464843E-07 
198200 1.3394876E-07 
198300 1.332527E-07 
198400 1.3256022E-07 
198500 1.318713E-07 
198600 1.3118594E-07 
198700 1.3050411E-07 
198800 1.2982578E-07 
198900 1.2915096E-07 
199000 1.284796E-07 
199100 1.2781172E-07 
199200 1.2714726E-07 
199300 1.2648624E-07 
199400 1.2582862E-07 
199500 1.2517438E-07 
199600 1.2452352E-07 
199700 1.2387602E-07 
199800 1.2323186E-07 
199900 1.2259102E-07 
200000 1.2195348E-07 
