1000 0.00011818365 
1100 0.00012568729 
1200 0.00013291888 
1300 0.00013990437 
1400 0.00014666517 
1500 0.00015321923 
1600 0.00015958176 
1700 0.00016576581 
1800 0.00017178277 
1900 0.00017764252 
2000 0.00018335383 
2100 0.00018892449 
2200 0.00019436145 
2300 0.00019967098 
2400 0.00020485872 
2500 0.00020992983 
2600 0.00021488901 
2700 0.00021974056 
2800 0.00022448845 
2900 0.00022913633 
3000 0.00023368762 
3100 0.00023814543 
3200 0.00024251272 
3300 0.00024679222 
3400 0.00025098654 
3500 0.00025509804 
3600 0.00025912907 
3700 0.00026308169 
3800 0.00026695797 
3900 0.00027075983 
4000 0.00027448911 
4100 0.00027814752 
4200 0.00028173669 
4300 0.00028525823 
4400 0.00028871358 
4500 0.00029210423 
4600 0.00029543156 
4700 0.00029869683 
4800 0.00030190134 
4900 0.00030504627 
5000 0.00030813285 
5100 0.00031116212 
5200 0.00031413522 
5300 0.00031705317 
5400 0.00031991699 
5500 0.00032272763 
5600 0.00032548603 
5700 0.00032819316 
5800 0.00033084981 
5900 0.00033345693 
6000 0.00033601528 
6100 0.00033852569 
6200 0.00034098895 
6300 0.00034340579 
6400 0.00034577699 
6500 0.00034810323 
6600 0.00035038523 
6700 0.0003526237 
6800 0.00035481926 
6900 0.0003569726 
7000 0.00035908431 
7100 0.00036115502 
7200 0.00036318536 
7300 0.00036517589 
7400 0.00036712721 
7500 0.00036903986 
7600 0.00037091441 
7700 0.00037275138 
7800 0.00037455131 
7900 0.00037631471 
8000 0.00037804208 
8100 0.00037973395 
8200 0.00038139077 
8300 0.00038301302 
8400 0.00038460118 
8500 0.00038615573 
8600 0.00038767708 
8700 0.00038916568 
8800 0.00039062195 
8900 0.00039204638 
9000 0.00039343932 
9100 0.0003948012 
9200 0.00039613244 
9300 0.00039743341 
9400 0.00039870452 
9500 0.00039994615 
9600 0.00040115867 
9700 0.00040234247 
9800 0.00040349792 
9900 0.00040462535 
10000 0.00040572509 
10100 0.00040679757 
10200 0.00040784306 
10300 0.00040886196 
10400 0.00040985455 
10500 0.00041082117 
10600 0.00041176216 
10700 0.00041267779 
10800 0.00041356846 
10900 0.00041443441 
11000 0.00041527595 
11100 0.00041609342 
11200 0.00041688708 
11300 0.00041765723 
11400 0.00041840415 
11500 0.00041912813 
11600 0.00041982948 
11700 0.00042050844 
11800 0.00042116528 
11900 0.0004218003 
12000 0.00042241372 
12100 0.00042300587 
12200 0.00042357694 
12300 0.00042412721 
12400 0.00042465696 
12500 0.00042516639 
12600 0.0004256558 
12700 0.00042612539 
12800 0.0004265754 
12900 0.00042700607 
13000 0.00042741766 
13100 0.00042781039 
13200 0.00042818446 
13300 0.00042854014 
13400 0.00042887763 
13500 0.00042919713 
13600 0.00042949888 
13700 0.00042978307 
13800 0.00043004996 
13900 0.00043029973 
14000 0.00043053259 
14100 0.00043074874 
14200 0.00043094839 
14300 0.00043113172 
14400 0.00043129895 
14500 0.00043145029 
14600 0.00043158588 
14700 0.00043170596 
14800 0.00043181071 
14900 0.00043190032 
15000 0.00043197494 
15100 0.00043203478 
15200 0.00043208004 
15300 0.00043211086 
15400 0.00043212742 
15500 0.00043212992 
15600 0.00043211851 
15700 0.00043209337 
15800 0.00043205466 
15900 0.00043200259 
16000 0.00043193725 
16100 0.00043185888 
16200 0.00043176758 
16300 0.00043166356 
16400 0.00043154694 
16500 0.0004314179 
16600 0.00043127657 
16700 0.00043112313 
16800 0.00043095773 
16900 0.00043078049 
17000 0.00043059161 
17100 0.00043039117 
17200 0.00043017938 
17300 0.00042995633 
17400 0.00042972222 
17500 0.00042947714 
17600 0.00042922123 
17700 0.00042895466 
17800 0.00042867757 
17900 0.00042839005 
18000 0.00042809229 
18100 0.00042778437 
18200 0.00042746644 
18300 0.00042713864 
18400 0.0004268011 
18500 0.00042645392 
18600 0.00042609725 
18700 0.00042573121 
18800 0.00042535592 
18900 0.00042497151 
19000 0.00042457809 
19100 0.00042417576 
19200 0.00042376469 
19300 0.00042334496 
19400 0.00042291667 
19500 0.00042247999 
19600 0.00042203497 
19700 0.00042158176 
19800 0.00042112049 
19900 0.00042065122 
20000 0.00042017407 
20100 0.0004196892 
20200 0.00041919664 
20300 0.00041869652 
20400 0.00041818898 
20500 0.00041767411 
20600 0.00041715198 
20700 0.00041662273 
20800 0.00041608643 
20900 0.00041554321 
21000 0.00041499315 
21100 0.00041443633 
21200 0.00041387285 
21300 0.00041330286 
21400 0.0004127264 
21500 0.00041214356 
21600 0.00041155447 
21700 0.00041095921 
21800 0.00041035784 
21900 0.0004097505 
22000 0.00040913722 
22100 0.00040851813 
22200 0.00040789333 
22300 0.00040726285 
22400 0.00040662682 
22500 0.00040598531 
22600 0.00040533842 
22700 0.0004046862 
22800 0.00040402877 
22900 0.00040336617 
23000 0.00040269853 
23100 0.00040202588 
23200 0.00040134831 
23300 0.00040066594 
23400 0.0003999788 
23500 0.00039928698 
23600 0.00039859058 
23700 0.00039788961 
23800 0.00039718422 
23900 0.00039647447 
24000 0.00039576038 
24100 0.00039504207 
24200 0.00039431956 
24300 0.00039359299 
24400 0.00039286239 
24500 0.00039212784 
24600 0.00039138942 
24700 0.00039064715 
24800 0.00038990114 
24900 0.00038915145 
25000 0.00038839816 
25100 0.00038764128 
25200 0.00038688094 
25300 0.00038611714 
25400 0.00038534999 
25500 0.00038457956 
25600 0.00038380589 
25700 0.00038302902 
25800 0.00038224904 
25900 0.00038146603 
26000 0.00038067999 
26100 0.00037989102 
26200 0.00037909916 
26300 0.00037830448 
26400 0.00037750707 
26500 0.00037670691 
26600 0.00037590411 
26700 0.00037509869 
26800 0.00037429077 
26900 0.00037348032 
27000 0.00037266745 
27100 0.00037185219 
27200 0.00037103461 
27300 0.00037021475 
27400 0.00036939266 
27500 0.00036856838 
27600 0.000367742 
27700 0.00036691353 
27800 0.00036608303 
27900 0.00036525054 
28000 0.00036441613 
28100 0.00036357986 
28200 0.00036274173 
28300 0.00036190182 
28400 0.00036106017 
28500 0.0003602168 
28600 0.0003593718 
28700 0.0003585252 
28800 0.00035767703 
28900 0.00035682737 
29000 0.0003559762 
29100 0.0003551236 
29200 0.00035426964 
29300 0.0003534143 
29400 0.00035255769 
29500 0.0003516998 
29600 0.00035084068 
29700 0.00034998037 
29800 0.00034911896 
29900 0.00034825641 
30000 0.00034739281 
30100 0.00034652816 
30200 0.00034566256 
30300 0.00034479599 
30400 0.00034392852 
30500 0.00034306018 
30600 0.00034219099 
30700 0.00034132102 
30800 0.00034045026 
30900 0.00033957878 
31000 0.0003387066 
31100 0.00033783377 
31200 0.00033696031 
31300 0.00033608626 
31400 0.00033521166 
31500 0.00033433654 
31600 0.00033346089 
31700 0.00033258481 
31800 0.00033170832 
31900 0.00033083142 
32000 0.00032995414 
32100 0.00032907655 
32200 0.00032819863 
32300 0.00032732045 
32400 0.00032644204 
32500 0.00032556342 
32600 0.0003246846 
32700 0.00032380564 
32800 0.00032292656 
32900 0.00032204739 
33000 0.00032116813 
33100 0.00032028885 
33200 0.00031940953 
33300 0.00031853025 
33400 0.00031765099 
33500 0.00031677182 
33600 0.00031589274 
33700 0.00031501378 
33800 0.00031413496 
33900 0.00031325631 
34000 0.00031237787 
34100 0.00031149964 
34200 0.00031062166 
34300 0.00030974395 
34400 0.00030886653 
34500 0.00030798942 
34600 0.00030711267 
34700 0.00030623627 
34800 0.00030536027 
34900 0.00030448465 
35000 0.0003036095 
35100 0.00030273478 
35200 0.00030186053 
35300 0.00030098678 
35400 0.00030011355 
35500 0.00029924087 
35600 0.00029836874 
35700 0.0002974972 
35800 0.00029662624 
35900 0.00029575592 
36000 0.00029488624 
36100 0.0002940172 
36200 0.00029314886 
36300 0.00029228121 
36400 0.00029141427 
36500 0.00029054808 
36600 0.00028968262 
36700 0.00028881794 
36800 0.00028795406 
36900 0.00028709098 
37000 0.00028622872 
37100 0.00028536731 
37200 0.00028450676 
37300 0.00028364707 
37400 0.0002827883 
37500 0.00028193041 
37600 0.00028107344 
37700 0.00028021744 
37800 0.00027936237 
37900 0.00027850829 
38000 0.00027765517 
38100 0.00027680307 
38200 0.00027595198 
38300 0.00027510192 
38400 0.00027425293 
38500 0.00027340496 
38600 0.0002725581 
38700 0.00027171231 
38800 0.0002708676 
38900 0.00027002406 
39000 0.00026918159 
39100 0.00026834029 
39200 0.00026750015 
39300 0.00026666117 
39400 0.00026582336 
39500 0.00026498677 
39600 0.00026415134 
39700 0.00026331717 
39800 0.00026248419 
39900 0.00026165249 
40000 0.00026082201 
40100 0.00025999281 
40200 0.00025916487 
40300 0.00025833823 
40400 0.00025751287 
40500 0.00025668883 
40600 0.00025586609 
40700 0.0002550447 
40800 0.00025422464 
40900 0.00025340595 
41000 0.00025258859 
41100 0.00025177261 
41200 0.00025095799 
41300 0.00025014477 
41400 0.00024933295 
41500 0.00024852253 
41600 0.00024771353 
41700 0.00024690595 
41800 0.00024609981 
41900 0.00024529512 
42000 0.00024449185 
42100 0.00024369005 
42200 0.00024288973 
42300 0.00024209087 
42400 0.00024129348 
42500 0.00024049761 
42600 0.00023970322 
42700 0.00023891035 
42800 0.00023811897 
42900 0.00023732912 
43000 0.0002365408 
43100 0.00023575402 
43200 0.00023496877 
43300 0.00023418508 
43400 0.00023340293 
43500 0.00023262235 
43600 0.00023184333 
43700 0.00023106589 
43800 0.00023029002 
43900 0.00022951576 
44000 0.00022874307 
44100 0.00022797199 
44200 0.0002272025 
44300 0.00022643463 
44400 0.00022566837 
44500 0.00022490374 
44600 0.00022414072 
44700 0.00022337933 
44800 0.00022261959 
44900 0.00022186148 
45000 0.00022110502 
45100 0.00022035021 
45200 0.00021959706 
45300 0.00021884555 
45400 0.00021809572 
45500 0.00021734755 
45600 0.00021660107 
45700 0.00021585624 
45800 0.0002151131 
45900 0.00021437166 
46000 0.00021363189 
46100 0.00021289382 
46200 0.00021215744 
46300 0.00021142277 
46400 0.00021068979 
46500 0.00020995853 
46600 0.00020922897 
46700 0.00020850111 
46800 0.00020777498 
46900 0.00020705057 
47000 0.00020632788 
47100 0.00020560691 
47200 0.00020488766 
47300 0.00020417017 
47400 0.00020345439 
47500 0.00020274034 
47600 0.00020202804 
47700 0.00020131747 
47800 0.00020060866 
47900 0.00019990158 
48000 0.00019919625 
48100 0.00019849266 
48200 0.00019779083 
48300 0.00019709075 
48400 0.00019639243 
48500 0.00019569586 
48600 0.00019500105 
48700 0.000194308 
48800 0.00019361671 
48900 0.00019292718 
49000 0.00019223943 
49100 0.00019155342 
49200 0.00019086919 
49300 0.00019018674 
49400 0.00018950604 
49500 0.00018882711 
49600 0.00018814996 
49700 0.00018747458 
49800 0.00018680097 
49900 0.00018612914 
50000 0.00018545908 
50100 0.00018479078 
50200 0.00018412428 
50300 0.00018345955 
50400 0.00018279659 
50500 0.00018213541 
50600 0.000181476 
50700 0.00018081839 
50800 0.00018016253 
50900 0.00017950847 
51000 0.00017885618 
51100 0.00017820566 
51200 0.00017755694 
51300 0.00017690998 
51400 0.0001762648 
51500 0.00017562142 
51600 0.0001749798 
51700 0.00017433995 
51800 0.00017370189 
51900 0.00017306561 
52000 0.0001724311 
52100 0.00017179837 
52200 0.00017116741 
52300 0.00017053823 
52400 0.00016991084 
52500 0.00016928521 
52600 0.00016866135 
52700 0.00016803926 
52800 0.00016741896 
52900 0.00016680043 
53000 0.00016618366 
53100 0.00016556865 
53200 0.00016495543 
53300 0.00016434396 
53400 0.00016373428 
53500 0.00016312634 
53600 0.00016252018 
53700 0.00016191578 
53800 0.00016131315 
53900 0.00016071227 
54000 0.00016011315 
54100 0.0001595158 
54200 0.0001589202 
54300 0.00015832635 
54400 0.00015773426 
54500 0.00015714394 
54600 0.00015655535 
54700 0.00015596852 
54800 0.00015538343 
54900 0.00015480009 
55000 0.00015421851 
55100 0.00015363866 
55200 0.00015306054 
55300 0.00015248418 
55400 0.00015190955 
55500 0.00015133666 
55600 0.0001507655 
55700 0.00015019607 
55800 0.00014962838 
55900 0.00014906241 
56000 0.00014849818 
56100 0.00014793566 
56200 0.00014737487 
56300 0.0001468158 
56400 0.00014625846 
56500 0.00014570283 
56600 0.00014514891 
56700 0.00014459671 
56800 0.00014404621 
56900 0.00014349743 
57000 0.00014295033 
57100 0.00014240496 
57200 0.00014186128 
57300 0.00014131931 
57400 0.00014077903 
57500 0.00014024045 
57600 0.00013970355 
57700 0.00013916835 
57800 0.00013863483 
57900 0.00013810299 
58000 0.00013757283 
58100 0.00013704436 
58200 0.00013651757 
58300 0.00013599245 
58400 0.000135469 
58500 0.00013494721 
58600 0.0001344271 
58700 0.00013390866 
58800 0.00013339186 
58900 0.00013287674 
59000 0.00013236326 
59100 0.00013185144 
59200 0.00013134128 
59300 0.00013083275 
59400 0.00013032588 
59500 0.00012982063 
59600 0.00012931704 
59700 0.00012881507 
59800 0.00012831474 
59900 0.00012781605 
60000 0.00012731897 
60100 0.00012682354 
60200 0.0001263297 
60300 0.0001258375 
60400 0.00012534691 
60500 0.00012485794 
60600 0.00012437056 
60700 0.00012388481 
60800 0.00012340065 
60900 0.00012291809 
61000 0.00012243714 
61100 0.00012195777 
61200 0.00012148 
61300 0.00012100381 
61400 0.00012052921 
61500 0.0001200562 
61600 0.00011958476 
61700 0.0001191149 
61800 0.00011864661 
61900 0.00011817989 
62000 0.00011771474 
62100 0.00011725114 
62200 0.00011678911 
62300 0.00011632864 
62400 0.00011586971 
62500 0.00011541235 
62600 0.00011495652 
62700 0.00011450224 
62800 0.0001140495 
62900 0.0001135983 
63000 0.00011314863 
63100 0.00011270049 
63200 0.00011225387 
63300 0.00011180878 
63400 0.00011136522 
63500 0.00011092316 
63600 0.00011048262 
63700 0.0001100436 
63800 0.00010960607 
63900 0.00010917006 
64000 0.00010873554 
64100 0.00010830252 
64200 0.00010787099 
64300 0.00010744096 
64400 0.00010701241 
64500 0.00010658534 
64600 0.00010615975 
64700 0.00010573563 
64800 0.000105313 
64900 0.00010489183 
65000 0.00010447212 
65100 0.00010405388 
65200 0.0001036371 
65300 0.00010322177 
65400 0.00010280789 
65500 0.00010239546 
65600 0.00010198448 
65700 0.00010157494 
65800 0.00010116684 
65900 0.00010076016 
66000 0.00010035493 
66100 9.995111E-05 
66200 9.9548728E-05 
66300 9.9147757E-05 
66400 9.8748205E-05 
66500 9.8350072E-05 
66600 9.7953343E-05 
66700 9.7558019E-05 
66800 9.7164098E-05 
66900 9.6771582E-05 
67000 9.6380456E-05 
67100 9.5990719E-05 
67200 9.5602372E-05 
67300 9.5215415E-05 
67400 9.482984E-05 
67500 9.4445633E-05 
67600 9.4062809E-05 
67700 9.3681352E-05 
67800 9.3301263E-05 
67900 9.2922535E-05 
68000 9.2545168E-05 
68100 9.2169161E-05 
68200 9.17945E-05 
68300 9.1421192E-05 
68400 9.1049231E-05 
68500 9.0678608E-05 
68600 9.0309324E-05 
68700 8.9941372E-05 
68800 8.9574758E-05 
68900 8.9209469E-05 
69000 8.8845503E-05 
69100 8.8482855E-05 
69200 8.8121524E-05 
69300 8.7761509E-05 
69400 8.7402805E-05 
69500 8.7045402E-05 
69600 8.6689302E-05 
69700 8.6334505E-05 
69800 8.5981002E-05 
69900 8.5628788E-05 
70000 8.5277868E-05 
70100 8.4928222E-05 
70200 8.4579864E-05 
70300 8.4232786E-05 
70400 8.3886975E-05 
70500 8.3542436E-05 
70600 8.3199171E-05 
70700 8.2857157E-05 
70800 8.251641E-05 
70900 8.2176921E-05 
71000 8.1838676E-05 
71100 8.1501683E-05 
71200 8.1165941E-05 
71300 8.0831436E-05 
71400 8.0498168E-05 
71500 8.0166137E-05 
71600 7.9835329E-05 
71700 7.9505757E-05 
71800 7.9177407E-05 
71900 7.8850273E-05 
72000 7.8524361E-05 
72100 7.8199657E-05 
72200 7.7876168E-05 
72300 7.7553879E-05 
72400 7.7232799E-05 
72500 7.6912911E-05 
72600 7.6594224E-05 
72700 7.627673E-05 
72800 7.5960415E-05 
72900 7.5645294E-05 
73000 7.5331351E-05 
73100 7.5018586E-05 
73200 7.4706993E-05 
73300 7.4396572E-05 
73400 7.4087322E-05 
73500 7.3779229E-05 
73600 7.34723E-05 
73700 7.3166528E-05 
73800 7.2861905E-05 
73900 7.255844E-05 
74000 7.2256109E-05 
74100 7.1954928E-05 
74200 7.1654889E-05 
74300 7.1355978E-05 
74400 7.105821E-05 
74500 7.0761562E-05 
74600 7.0466042E-05 
74700 7.0171642E-05 
74800 6.9878362E-05 
74900 6.9586196E-05 
75000 6.9295143E-05 
75100 6.9005197E-05 
75200 6.8716356E-05 
75300 6.8428613E-05 
75400 6.814197E-05 
75500 6.7856425E-05 
75600 6.7571964E-05 
75700 6.7288594E-05 
75800 6.7006309E-05 
75900 6.6725101E-05 
76000 6.6444976E-05 
76100 6.6165921E-05 
76200 6.5887936E-05 
76300 6.5611021E-05 
76400 6.5335167E-05 
76500 6.5060376E-05 
76600 6.478664E-05 
76700 6.4513952E-05 
76800 6.4242326E-05 
76900 6.397174E-05 
77000 6.3702195E-05 
77100 6.343369E-05 
77200 6.3166226E-05 
77300 6.2899795E-05 
77400 6.2634397E-05 
77500 6.2370018E-05 
77600 6.2106672E-05 
77700 6.1844337E-05 
77800 6.1583021E-05 
77900 6.1322724E-05 
78000 6.1063431E-05 
78100 6.0805149E-05 
78200 6.0547867E-05 
78300 6.029159E-05 
78400 6.0036306E-05 
78500 5.9782018E-05 
78600 5.952872E-05 
78700 5.9276412E-05 
78800 5.9025086E-05 
78900 5.8774738E-05 
79000 5.8525373E-05 
79100 5.8276979E-05 
79200 5.8029556E-05 
79300 5.7783102E-05 
79400 5.7537614E-05 
79500 5.7293088E-05 
79600 5.7049518E-05 
79700 5.6806904E-05 
79800 5.6565241E-05 
79900 5.6324527E-05 
80000 5.6084762E-05 
80100 5.5845936E-05 
80200 5.5608049E-05 
80300 5.53711E-05 
80400 5.5135082E-05 
80500 5.4899996E-05 
80600 5.4665838E-05 
80700 5.4432599E-05 
80800 5.4200285E-05 
80900 5.3968888E-05 
81000 5.3738404E-05 
81100 5.3508829E-05 
81200 5.3280164E-05 
81300 5.3052405E-05 
81400 5.2825548E-05 
81500 5.2599589E-05 
81600 5.2374526E-05 
81700 5.2150353E-05 
81800 5.1927076E-05 
81900 5.1704679E-05 
82000 5.148317E-05 
82100 5.1262541E-05 
82200 5.1042789E-05 
82300 5.082391E-05 
82400 5.0605904E-05 
82500 5.0388764E-05 
82600 5.0172494E-05 
82700 4.9957082E-05 
82800 4.9742532E-05 
82900 4.9528837E-05 
83000 4.9315997E-05 
83100 4.9104008E-05 
83200 4.8892867E-05 
83300 4.8682567E-05 
83400 4.8473114E-05 
83500 4.8264497E-05 
83600 4.8056714E-05 
83700 4.7849768E-05 
83800 4.7643647E-05 
83900 4.743836E-05 
84000 4.7233891E-05 
84100 4.7030248E-05 
84200 4.6827419E-05 
84300 4.662541E-05 
84400 4.6424211E-05 
84500 4.622382E-05 
84600 4.6024241E-05 
84700 4.5825462E-05 
84800 4.5627487E-05 
84900 4.5430308E-05 
85000 4.5233926E-05 
85100 4.5038338E-05 
85200 4.4843538E-05 
85300 4.4649525E-05 
85400 4.4456297E-05 
85500 4.4263852E-05 
85600 4.4072185E-05 
85700 4.3881293E-05 
85800 4.3691172E-05 
85900 4.3501826E-05 
86000 4.3313248E-05 
86100 4.312543E-05 
86200 4.293838E-05 
86300 4.2752086E-05 
86400 4.2566549E-05 
86500 4.2381766E-05 
86600 4.2197735E-05 
86700 4.2014453E-05 
86800 4.1831918E-05 
86900 4.1650124E-05 
87000 4.1469069E-05 
87100 4.1288757E-05 
87200 4.1109175E-05 
87300 4.0930328E-05 
87400 4.0752209E-05 
87500 4.0574821E-05 
87600 4.0398154E-05 
87700 4.022221E-05 
87800 4.0046987E-05 
87900 3.9872481E-05 
88000 3.9698687E-05 
88100 3.9525603E-05 
88200 3.9353232E-05 
88300 3.9181563E-05 
88400 3.90106E-05 
88500 3.8840339E-05 
88600 3.8670772E-05 
88700 3.8501908E-05 
88800 3.8333732E-05 
88900 3.816625E-05 
89000 3.7999453E-05 
89100 3.7833346E-05 
89200 3.766792E-05 
89300 3.7503174E-05 
89400 3.7339109E-05 
89500 3.7175716E-05 
89600 3.7012996E-05 
89700 3.685095E-05 
89800 3.6689573E-05 
89900 3.6528858E-05 
90000 3.6368809E-05 
90100 3.6209418E-05 
90200 3.6050689E-05 
90300 3.5892615E-05 
90400 3.5735193E-05 
90500 3.5578425E-05 
90600 3.5422301E-05 
90700 3.5266825E-05 
90800 3.5111996E-05 
90900 3.4957804E-05 
91000 3.4804256E-05 
91100 3.4651341E-05 
91200 3.4499059E-05 
91300 3.4347413E-05 
91400 3.4196393E-05 
91500 3.4046003E-05 
91600 3.3896235E-05 
91700 3.3747092E-05 
91800 3.3598568E-05 
91900 3.3450659E-05 
92000 3.3303368E-05 
92100 3.3156692E-05 
92200 3.3010623E-05 
92300 3.2865166E-05 
92400 3.2720312E-05 
92500 3.2576063E-05 
92600 3.2432417E-05 
92700 3.2289368E-05 
92800 3.2146916E-05 
92900 3.200506E-05 
93000 3.1863798E-05 
93100 3.1723124E-05 
93200 3.158304E-05 
93300 3.1443542E-05 
93400 3.1304626E-05 
93500 3.1166292E-05 
93600 3.1028536E-05 
93700 3.0891359E-05 
93800 3.0754753E-05 
93900 3.0618721E-05 
94000 3.0483261E-05 
94100 3.0348368E-05 
94200 3.0214043E-05 
94300 3.008028E-05 
94400 2.9947079E-05 
94500 2.9814437E-05 
94600 2.9682353E-05 
94700 2.9550823E-05 
94800 2.9419849E-05 
94900 2.9289424E-05 
95000 2.9159548E-05 
95100 2.9030218E-05 
95200 2.8901433E-05 
95300 2.8773191E-05 
95400 2.8645489E-05 
95500 2.8518325E-05 
95600 2.8391698E-05 
95700 2.8265606E-05 
95800 2.8140044E-05 
95900 2.8015013E-05 
96000 2.789051E-05 
96100 2.7766533E-05 
96200 2.764308E-05 
96300 2.7520149E-05 
96400 2.7397737E-05 
96500 2.7275844E-05 
96600 2.7154467E-05 
96700 2.7033602E-05 
96800 2.6913251E-05 
96900 2.6793408E-05 
97000 2.6674074E-05 
97100 2.6555246E-05 
97200 2.6436921E-05 
97300 2.6319098E-05 
97400 2.6201775E-05 
97500 2.608495E-05 
97600 2.5968622E-05 
97700 2.5852787E-05 
97800 2.5737445E-05 
97900 2.5622594E-05 
98000 2.5508229E-05 
98100 2.5394353E-05 
98200 2.5280959E-05 
98300 2.5168049E-05 
98400 2.5055619E-05 
98500 2.4943669E-05 
98600 2.4832196E-05 
98700 2.4721196E-05 
98800 2.461067E-05 
98900 2.4500616E-05 
99000 2.4391031E-05 
99100 2.4281915E-05 
99200 2.4173263E-05 
99300 2.4065075E-05 
99400 2.3957349E-05 
99500 2.3850085E-05 
99600 2.3743278E-05 
99700 2.3636927E-05 
99800 2.3531033E-05 
99900 2.3425589E-05 
100000 2.3320599E-05 
100100 2.3216058E-05 
100200 2.3111963E-05 
100300 2.3008315E-05 
100400 2.2905111E-05 
100500 2.2802349E-05 
100600 2.2700029E-05 
100700 2.2598146E-05 
100800 2.2496701E-05 
100900 2.239569E-05 
101000 2.2295115E-05 
101100 2.219497E-05 
101200 2.2095255E-05 
101300 2.1995969E-05 
101400 2.1897109E-05 
101500 2.1798676E-05 
101600 2.1700665E-05 
101700 2.1603075E-05 
101800 2.1505906E-05 
101900 2.1409154E-05 
102000 2.1312821E-05 
102100 2.12169E-05 
102200 2.1121394E-05 
102300 2.1026299E-05 
102400 2.0931613E-05 
102500 2.0837337E-05 
102600 2.0743466E-05 
102700 2.0650001E-05 
102800 2.0556939E-05 
102900 2.0464278E-05 
103000 2.0372019E-05 
103100 2.0280157E-05 
103200 2.0188692E-05 
103300 2.0097623E-05 
103400 2.0006948E-05 
103500 1.9916664E-05 
103600 1.9826772E-05 
103700 1.9737266E-05 
103800 1.9648151E-05 
103900 1.955942E-05 
104000 1.9471072E-05 
104100 1.9383109E-05 
104200 1.9295527E-05 
104300 1.9208323E-05 
104400 1.9121499E-05 
104500 1.9035049E-05 
104600 1.8948975E-05 
104700 1.8863275E-05 
104800 1.8777948E-05 
104900 1.8692988E-05 
105000 1.86084E-05 
105100 1.8524179E-05 
105200 1.8440323E-05 
105300 1.8356832E-05 
105400 1.8273704E-05 
105500 1.8190938E-05 
105600 1.8108531E-05 
105700 1.8026483E-05 
105800 1.7944792E-05 
105900 1.7863456E-05 
106000 1.7782475E-05 
106100 1.7701846E-05 
106200 1.7621569E-05 
106300 1.7541643E-05 
106400 1.7462064E-05 
106500 1.7382832E-05 
106600 1.7303944E-05 
106700 1.7225402E-05 
106800 1.7147204E-05 
106900 1.7069346E-05 
107000 1.6991828E-05 
107100 1.6914646E-05 
107200 1.6837805E-05 
107300 1.6761298E-05 
107400 1.6685124E-05 
107500 1.6609285E-05 
107600 1.6533777E-05 
107700 1.64586E-05 
107800 1.638375E-05 
107900 1.630923E-05 
108000 1.6235035E-05 
108100 1.6161164E-05 
108200 1.6087619E-05 
108300 1.6014394E-05 
108400 1.594149E-05 
108500 1.5868905E-05 
108600 1.5796641E-05 
108700 1.5724692E-05 
108800 1.5653059E-05 
108900 1.558174E-05 
109000 1.5510734E-05 
109100 1.5440039E-05 
109200 1.5369655E-05 
109300 1.529958E-05 
109400 1.5229812E-05 
109500 1.5160352E-05 
109600 1.5091196E-05 
109700 1.5022345E-05 
109800 1.4953796E-05 
109900 1.4885549E-05 
110000 1.4817602E-05 
110100 1.4749954E-05 
110200 1.4682604E-05 
110300 1.4615551E-05 
110400 1.4548792E-05 
110500 1.4482328E-05 
110600 1.4416156E-05 
110700 1.4350277E-05 
110800 1.4284687E-05 
110900 1.4219387E-05 
111000 1.4154374E-05 
111100 1.4089648E-05 
111200 1.4025208E-05 
111300 1.3961052E-05 
111400 1.389718E-05 
111500 1.3833589E-05 
111600 1.3770279E-05 
111700 1.3707249E-05 
111800 1.3644498E-05 
111900 1.3582024E-05 
112000 1.3519825E-05 
112100 1.3457902E-05 
112200 1.3396253E-05 
112300 1.3334876E-05 
112400 1.3273771E-05 
112500 1.3212936E-05 
112600 1.3152371E-05 
112700 1.3092073E-05 
112800 1.3032043E-05 
112900 1.2972279E-05 
113000 1.2912779E-05 
113100 1.2853544E-05 
113200 1.279457E-05 
113300 1.2735859E-05 
113400 1.2677407E-05 
113500 1.2619214E-05 
113600 1.2561281E-05 
113700 1.2503604E-05 
113800 1.2446182E-05 
113900 1.2389017E-05 
114000 1.2332104E-05 
114100 1.2275445E-05 
114200 1.2219037E-05 
114300 1.216288E-05 
114400 1.2106972E-05 
114500 1.2051313E-05 
114600 1.1995901E-05 
114700 1.1940736E-05 
114800 1.1885816E-05 
114900 1.1831141E-05 
115000 1.1776709E-05 
115100 1.1722519E-05 
115200 1.1668571E-05 
115300 1.1614862E-05 
115400 1.1561393E-05 
115500 1.1508162E-05 
115600 1.1455169E-05 
115700 1.1402411E-05 
115800 1.1349888E-05 
115900 1.12976E-05 
116000 1.1245545E-05 
116100 1.1193722E-05 
116200 1.1142131E-05 
116300 1.1090769E-05 
116400 1.1039638E-05 
116500 1.0988734E-05 
116600 1.0938057E-05 
116700 1.0887607E-05 
116800 1.0837382E-05 
116900 1.0787382E-05 
117000 1.0737605E-05 
117100 1.0688051E-05 
117200 1.0638718E-05 
117300 1.0589606E-05 
117400 1.0540713E-05 
117500 1.049204E-05 
117600 1.0443584E-05 
117700 1.0395344E-05 
117800 1.0347321E-05 
117900 1.0299513E-05 
118000 1.0251919E-05 
118100 1.0204538E-05 
118200 1.015737E-05 
118300 1.0110412E-05 
118400 1.0063665E-05 
118500 1.0017128E-05 
118600 9.9707995E-06 
118700 9.924679E-06 
118800 9.878765E-06 
118900 9.8330574E-06 
119000 9.7875545E-06 
119100 9.7422562E-06 
119200 9.6971607E-06 
119300 9.6522681E-06 
119400 9.6075773E-06 
119500 9.5630867E-06 
119600 9.5187961E-06 
119700 9.4747047E-06 
119800 9.4308116E-06 
119900 9.3871158E-06 
120000 9.3436156E-06 
120100 9.3003118E-06 
120200 9.2572027E-06 
120300 9.2142882E-06 
120400 9.1715656E-06 
120500 9.1290358E-06 
120600 9.0866979E-06 
120700 9.0445501E-06 
120800 9.0025924E-06 
120900 8.9608238E-06 
121000 8.9192426E-06 
121100 8.8778497E-06 
121200 8.8366423E-06 
121300 8.7956214E-06 
121400 8.7547851E-06 
121500 8.7141334E-06 
121600 8.6736645E-06 
121700 8.6333785E-06 
121800 8.5932743E-06 
121900 8.5533511E-06 
122000 8.513608E-06 
122100 8.4740441E-06 
122200 8.4346593E-06 
122300 8.3954519E-06 
122400 8.3564219E-06 
122500 8.3175682E-06 
122600 8.2788893E-06 
122700 8.2403858E-06 
122800 8.202057E-06 
122900 8.1639009E-06 
123000 8.1259168E-06 
123100 8.0881055E-06 
123200 8.0504651E-06 
123300 8.0129939E-06 
123400 7.9756937E-06 
123500 7.9385618E-06 
123600 7.9015972E-06 
123700 7.8648009E-06 
123800 7.828171E-06 
123900 7.7917066E-06 
124000 7.7554078E-06 
124100 7.7192735E-06 
124200 7.683303E-06 
124300 7.6474953E-06 
124400 7.6118504E-06 
124500 7.5763669E-06 
124600 7.5410439E-06 
124700 7.5058815E-06 
124800 7.4708787E-06 
124900 7.4360346E-06 
125000 7.4013483E-06 
125100 7.3668198E-06 
125200 7.3324481E-06 
125300 7.2982325E-06 
125400 7.2641719E-06 
125500 7.2302664E-06 
125600 7.1965146E-06 
125700 7.1629165E-06 
125800 7.1294708E-06 
125900 7.0961773E-06 
126000 7.0630354E-06 
126100 7.0300439E-06 
126200 6.997202E-06 
126300 6.9645102E-06 
126400 6.9319667E-06 
126500 6.8995714E-06 
126600 6.8673239E-06 
126700 6.8352228E-06 
126800 6.8032678E-06 
126900 6.7714582E-06 
127000 6.7397937E-06 
127100 6.7082733E-06 
127200 6.6768966E-06 
127300 6.6456628E-06 
127400 6.6145717E-06 
127500 6.5836216E-06 
127600 6.5528134E-06 
127700 6.5221452E-06 
127800 6.4916167E-06 
127900 6.4612277E-06 
128000 6.430977E-06 
128100 6.4008645E-06 
128200 6.3708894E-06 
128300 6.3410512E-06 
128400 6.3113494E-06 
128500 6.281783E-06 
128600 6.2523513E-06 
128700 6.2230542E-06 
128800 6.1938913E-06 
128900 6.1648611E-06 
129000 6.1359638E-06 
129100 6.1071987E-06 
129200 6.0785646E-06 
129300 6.050062E-06 
129400 6.0216894E-06 
129500 5.9934464E-06 
129600 5.965333E-06 
129700 5.9373479E-06 
129800 5.9094909E-06 
129900 5.8817614E-06 
130000 5.8541586E-06 
130100 5.8266824E-06 
130200 5.7993316E-06 
130300 5.7721063E-06 
130400 5.7450056E-06 
130500 5.7180296E-06 
130600 5.6911763E-06 
130700 5.6644467E-06 
130800 5.6378394E-06 
130900 5.6113536E-06 
131000 5.5849896E-06 
131100 5.5587466E-06 
131200 5.5326236E-06 
131300 5.5066207E-06 
131400 5.4807369E-06 
131500 5.4549719E-06 
131600 5.429325E-06 
131700 5.403796E-06 
131800 5.3783838E-06 
131900 5.3530885E-06 
132000 5.3279095E-06 
132100 5.3028457E-06 
132200 5.2778973E-06 
132300 5.2530636E-06 
132400 5.2283435E-06 
132500 5.2037376E-06 
132600 5.1792445E-06 
132700 5.1548636E-06 
132800 5.1305951E-06 
132900 5.1064385E-06 
133000 5.0823924E-06 
133100 5.0584572E-06 
133200 5.0346321E-06 
133300 5.0109165E-06 
133400 4.9873097E-06 
133500 4.963812E-06 
133600 4.9404221E-06 
133700 4.9171404E-06 
133800 4.8939651E-06 
133900 4.8708971E-06 
134000 4.8479351E-06 
134100 4.825079E-06 
134200 4.802328E-06 
134300 4.7796821E-06 
134400 4.7571402E-06 
134500 4.7347021E-06 
134600 4.7123676E-06 
134700 4.6901364E-06 
134800 4.668007E-06 
134900 4.64598E-06 
135000 4.6240548E-06 
135100 4.6022305E-06 
135200 4.5805068E-06 
135300 4.5588836E-06 
135400 4.5373599E-06 
135500 4.5159359E-06 
135600 4.4946105E-06 
135700 4.4733833E-06 
135800 4.4522544E-06 
135900 4.4312233E-06 
136000 4.410289E-06 
136100 4.3894515E-06 
136200 4.3687101E-06 
136300 4.3480645E-06 
136400 4.3275145E-06 
136500 4.3070595E-06 
136600 4.2866991E-06 
136700 4.2664328E-06 
136800 4.2462598E-06 
136900 4.2261804E-06 
137000 4.2061938E-06 
137100 4.1863E-06 
137200 4.166498E-06 
137300 4.1467874E-06 
137400 4.1271683E-06 
137500 4.1076401E-06 
137600 4.0882019E-06 
137700 4.0688537E-06 
137800 4.0495952E-06 
137900 4.0304262E-06 
138000 4.0113455E-06 
138100 3.9923534E-06 
138200 3.9734496E-06 
138300 3.954633E-06 
138400 3.9359034E-06 
138500 3.917261E-06 
138600 3.898705E-06 
138700 3.880235E-06 
138800 3.8618505E-06 
138900 3.843551E-06 
139000 3.825337E-06 
139100 3.8072069E-06 
139200 3.7891612E-06 
139300 3.7711991E-06 
139400 3.7533205E-06 
139500 3.7355248E-06 
139600 3.7178118E-06 
139700 3.7001807E-06 
139800 3.6826318E-06 
139900 3.6651643E-06 
140000 3.6477779E-06 
140100 3.6304723E-06 
140200 3.6132469E-06 
140300 3.5961018E-06 
140400 3.579036E-06 
140500 3.5620499E-06 
140600 3.5451426E-06 
140700 3.5283138E-06 
140800 3.5115634E-06 
140900 3.4948907E-06 
141000 3.4782956E-06 
141100 3.4617776E-06 
141200 3.4453367E-06 
141300 3.4289721E-06 
141400 3.4126836E-06 
141500 3.3964709E-06 
141600 3.3803337E-06 
141700 3.3642716E-06 
141800 3.3482843E-06 
141900 3.3323715E-06 
142000 3.3165327E-06 
142100 3.3007677E-06 
142200 3.285076E-06 
142300 3.2694575E-06 
142400 3.2539117E-06 
142500 3.2384385E-06 
142600 3.2230371E-06 
142700 3.2077078E-06 
142800 3.1924496E-06 
142900 3.1772629E-06 
143000 3.1621469E-06 
143100 3.1471011E-06 
143200 3.1321258E-06 
143300 3.1172201E-06 
143400 3.1023842E-06 
143500 3.0876174E-06 
143600 3.0729193E-06 
143700 3.0582901E-06 
143800 3.0437291E-06 
143900 3.0292358E-06 
144000 3.0148103E-06 
144100 3.0004524E-06 
144200 2.9861612E-06 
144300 2.971937E-06 
144400 2.9577791E-06 
144500 2.9436872E-06 
144600 2.9296614E-06 
144700 2.9157009E-06 
144800 2.9018056E-06 
144900 2.8879754E-06 
145000 2.8742099E-06 
145100 2.8605086E-06 
145200 2.8468714E-06 
145300 2.8332979E-06 
145400 2.8197881E-06 
145500 2.8063412E-06 
145600 2.7929573E-06 
145700 2.7796361E-06 
145800 2.7663771E-06 
145900 2.7531803E-06 
146000 2.7400451E-06 
146100 2.7269714E-06 
146200 2.7139588E-06 
146300 2.7010074E-06 
146400 2.6881164E-06 
146500 2.6752857E-06 
146600 2.6625153E-06 
146700 2.6498046E-06 
146800 2.6371536E-06 
146900 2.6245616E-06 
147000 2.6120288E-06 
147100 2.5995546E-06 
147200 2.5871389E-06 
147300 2.5747813E-06 
147400 2.5624818E-06 
147500 2.55024E-06 
147600 2.5380552E-06 
147700 2.525928E-06 
147800 2.5138575E-06 
147900 2.5018435E-06 
148000 2.4898859E-06 
148100 2.4779845E-06 
148200 2.466139E-06 
148300 2.4543488E-06 
148400 2.4426142E-06 
148500 2.4309345E-06 
148600 2.4193098E-06 
148700 2.4077394E-06 
148800 2.3962236E-06 
148900 2.3847617E-06 
149000 2.3733537E-06 
149100 2.3619993E-06 
149200 2.3506982E-06 
149300 2.3394502E-06 
149400 2.3282551E-06 
149500 2.3171126E-06 
149600 2.3060222E-06 
149700 2.2949841E-06 
149800 2.2839981E-06 
149900 2.2730635E-06 
150000 2.2621805E-06 
150100 2.2513484E-06 
150200 2.2405675E-06 
150300 2.229837E-06 
150400 2.2191573E-06 
150500 2.2085278E-06 
150600 2.1979481E-06 
150700 2.1874182E-06 
150800 2.1769381E-06 
150900 2.1665071E-06 
151000 2.1561252E-06 
151100 2.1457922E-06 
151200 2.1355079E-06 
151300 2.125272E-06 
151400 2.1150843E-06 
151500 2.1049445E-06 
151600 2.0948528E-06 
151700 2.0848083E-06 
151800 2.0748112E-06 
151900 2.0648611E-06 
152000 2.054958E-06 
152100 2.0451016E-06 
152200 2.0352916E-06 
152300 2.0255277E-06 
152400 2.01581E-06 
152500 2.0061382E-06 
152600 1.9965119E-06 
152700 1.986931E-06 
152800 1.9773952E-06 
152900 1.9679044E-06 
153000 1.9584584E-06 
153100 1.9490569E-06 
153200 1.9397E-06 
153300 1.930387E-06 
153400 1.9211182E-06 
153500 1.9118929E-06 
153600 1.9027112E-06 
153700 1.8935729E-06 
153800 1.8844777E-06 
153900 1.8754255E-06 
154000 1.8664159E-06 
154100 1.857449E-06 
154200 1.8485244E-06 
154300 1.839642E-06 
154400 1.8308015E-06 
154500 1.8220028E-06 
154600 1.8132457E-06 
154700 1.8045299E-06 
154800 1.7958554E-06 
154900 1.7872219E-06 
155000 1.7786291E-06 
155100 1.770077E-06 
155200 1.7615654E-06 
155300 1.7530939E-06 
155400 1.7446625E-06 
155500 1.7362711E-06 
155600 1.7279193E-06 
155700 1.719607E-06 
155800 1.711334E-06 
155900 1.7031002E-06 
156000 1.6949053E-06 
156100 1.6867493E-06 
156200 1.6786319E-06 
156300 1.6705528E-06 
156400 1.662512E-06 
156500 1.6545093E-06 
156600 1.6465444E-06 
156700 1.6386174E-06 
156800 1.6307279E-06 
156900 1.6228756E-06 
157000 1.6150606E-06 
157100 1.6072827E-06 
157200 1.5995415E-06 
157300 1.5918371E-06 
157400 1.5841691E-06 
157500 1.5765376E-06 
157600 1.5689421E-06 
157700 1.5613826E-06 
157800 1.5538591E-06 
157900 1.5463712E-06 
158000 1.5389188E-06 
158100 1.5315018E-06 
158200 1.5241199E-06 
158300 1.516773E-06 
158400 1.509461E-06 
158500 1.5021836E-06 
158600 1.4949409E-06 
158700 1.4877324E-06 
158800 1.4805582E-06 
158900 1.473418E-06 
159000 1.4663117E-06 
159100 1.4592392E-06 
159200 1.4522002E-06 
159300 1.4451947E-06 
159400 1.4382224E-06 
159500 1.4312832E-06 
159600 1.4243769E-06 
159700 1.4175035E-06 
159800 1.4106628E-06 
159900 1.4038545E-06 
160000 1.3970786E-06 
160100 1.3903349E-06 
160200 1.3836232E-06 
160300 1.3769434E-06 
160400 1.3702953E-06 
160500 1.3636788E-06 
160600 1.3570939E-06 
160700 1.3505403E-06 
160800 1.3440177E-06 
160900 1.3375262E-06 
161000 1.3310656E-06 
161100 1.3246357E-06 
161200 1.3182364E-06 
161300 1.3118675E-06 
161400 1.3055289E-06 
161500 1.2992206E-06 
161600 1.2929421E-06 
161700 1.2866936E-06 
161800 1.2804749E-06 
161900 1.2742856E-06 
162000 1.268126E-06 
162100 1.2619955E-06 
162200 1.2558944E-06 
162300 1.2498223E-06 
162400 1.243779E-06 
162500 1.2377645E-06 
162600 1.2317787E-06 
162700 1.2258214E-06 
162800 1.2198925E-06 
162900 1.2139918E-06 
163000 1.2081193E-06 
163100 1.2022747E-06 
163200 1.196458E-06 
163300 1.190669E-06 
163400 1.1849077E-06 
163500 1.1791736E-06 
163600 1.1734671E-06 
163700 1.1677877E-06 
163800 1.1621354E-06 
163900 1.1565101E-06 
164000 1.1509114E-06 
164100 1.1453396E-06 
164200 1.1397944E-06 
164300 1.1342756E-06 
164400 1.1287831E-06 
164500 1.1233169E-06 
164600 1.1178766E-06 
164700 1.1124624E-06 
164800 1.1070741E-06 
164900 1.1017114E-06 
165000 1.0963744E-06 
165100 1.0910628E-06 
165200 1.0857766E-06 
165300 1.0805156E-06 
165400 1.0752798E-06 
165500 1.0700689E-06 
165600 1.0648829E-06 
165700 1.0597217E-06 
165800 1.0545851E-06 
165900 1.0494732E-06 
166000 1.0443856E-06 
166100 1.0393223E-06 
166200 1.0342833E-06 
166300 1.0292682E-06 
166400 1.0242773E-06 
166500 1.01931E-06 
166600 1.0143667E-06 
166700 1.0094469E-06 
166800 1.0045507E-06 
166900 9.996777E-07 
167000 9.9482816E-07 
167100 9.9000181E-07 
167200 9.8519854E-07 
167300 9.8041824E-07 
167400 9.7566078E-07 
167500 9.7092618E-07 
167600 9.6621409E-07 
167700 9.6152462E-07 
167800 9.5685766E-07 
167900 9.5221293E-07 
168000 9.4759048E-07 
168100 9.4299014E-07 
168200 9.384118E-07 
168300 9.338554E-07 
168400 9.2932083E-07 
168500 9.2480792E-07 
168600 9.2031667E-07 
168700 9.158469E-07 
168800 9.1139856E-07 
168900 9.0697154E-07 
169000 9.0256572E-07 
169100 8.9818099E-07 
169200 8.9381723E-07 
169300 8.8947445E-07 
169400 8.8515242E-07 
169500 8.8085113E-07 
169600 8.7657048E-07 
169700 8.7231035E-07 
169800 8.6807063E-07 
169900 8.638512E-07 
170000 8.59652E-07 
170100 8.5547299E-07 
170200 8.5131398E-07 
170300 8.4717493E-07 
170400 8.4305572E-07 
170500 8.3895623E-07 
170600 8.3487646E-07 
170700 8.3081625E-07 
170800 8.2677553E-07 
170900 8.2275415E-07 
171000 8.1875208E-07 
171100 8.1476924E-07 
171200 8.1080555E-07 
171300 8.0686084E-07 
171400 8.0293506E-07 
171500 7.990281E-07 
171600 7.9513995E-07 
171700 7.9127045E-07 
171800 7.8741954E-07 
171900 7.835871E-07 
172000 7.7977307E-07 
172100 7.7597736E-07 
172200 7.7219988E-07 
172300 7.6844054E-07 
172400 7.6469922E-07 
172500 7.6097592E-07 
172600 7.5727053E-07 
172700 7.5358292E-07 
172800 7.4991306E-07 
172900 7.4626081E-07 
173000 7.4262613E-07 
173100 7.390089E-07 
173200 7.3540906E-07 
173300 7.318265E-07 
173400 7.2826123E-07 
173500 7.2471306E-07 
173600 7.2118195E-07 
173700 7.1766783E-07 
173800 7.141706E-07 
173900 7.1069019E-07 
174000 7.0722655E-07 
174100 7.0377956E-07 
174200 7.0034912E-07 
174300 6.9693522E-07 
174400 6.9353774E-07 
174500 6.9015664E-07 
174600 6.8679174E-07 
174700 6.8344309E-07 
174800 6.8011053E-07 
174900 6.7679406E-07 
175000 6.734935E-07 
175100 6.7020886E-07 
175200 6.6694002E-07 
175300 6.6368693E-07 
175400 6.6044947E-07 
175500 6.5722764E-07 
175600 6.5402133E-07 
175700 6.5083043E-07 
175800 6.4765493E-07 
175900 6.4449472E-07 
176000 6.4134974E-07 
176100 6.3821989E-07 
176200 6.3510515E-07 
176300 6.3200542E-07 
176400 6.2892059E-07 
176500 6.2585065E-07 
176600 6.2279554E-07 
176700 6.197551E-07 
176800 6.1672938E-07 
176900 6.1371816E-07 
177000 6.1072154E-07 
177100 6.0773931E-07 
177200 6.0477151E-07 
177300 6.0181799E-07 
177400 5.9887873E-07 
177500 5.9595368E-07 
177600 5.9304267E-07 
177700 5.9014576E-07 
177800 5.8726278E-07 
177900 5.8439372E-07 
178000 5.8153853E-07 
178100 5.786971E-07 
178200 5.7586942E-07 
178300 5.7305533E-07 
178400 5.7025483E-07 
178500 5.6746791E-07 
178600 5.6469435E-07 
178700 5.6193426E-07 
178800 5.5918747E-07 
178900 5.5645393E-07 
179000 5.5373357E-07 
179100 5.510264E-07 
179200 5.4833225E-07 
179300 5.4565118E-07 
179400 5.42983E-07 
179500 5.4032773E-07 
179600 5.3768525E-07 
179700 5.3505562E-07 
179800 5.3243861E-07 
179900 5.2983427E-07 
180000 5.2724255E-07 
180100 5.2466333E-07 
180200 5.2209657E-07 
180300 5.1954225E-07 
180400 5.1700022E-07 
180500 5.1447051E-07 
180600 5.1195303E-07 
180700 5.0944777E-07 
180800 5.0695456E-07 
180900 5.0447341E-07 
181000 5.020043E-07 
181100 4.9954707E-07 
181200 4.9710178E-07 
181300 4.9466831E-07 
181400 4.9224656E-07 
181500 4.8983657E-07 
181600 4.8743823E-07 
181700 4.8505149E-07 
181800 4.8267634E-07 
181900 4.8031262E-07 
182000 4.7796038E-07 
182100 4.7561952E-07 
182200 4.7328996E-07 
182300 4.7097171E-07 
182400 4.6866467E-07 
182500 4.6636879E-07 
182600 4.6408405E-07 
182700 4.6181034E-07 
182800 4.5954766E-07 
182900 4.5729595E-07 
183000 4.5505513E-07 
183100 4.5282516E-07 
183200 4.50606E-07 
183300 4.4839757E-07 
183400 4.4619986E-07 
183500 4.4401278E-07 
183600 4.4183631E-07 
183700 4.3967037E-07 
183800 4.3751493E-07 
183900 4.3536994E-07 
184000 4.3323536E-07 
184100 4.3111112E-07 
184200 4.2899717E-07 
184300 4.2689345E-07 
184400 4.2479994E-07 
184500 4.227166E-07 
184600 4.2064335E-07 
184700 4.1858013E-07 
184800 4.1652692E-07 
184900 4.1448368E-07 
185000 4.1245036E-07 
185100 4.1042688E-07 
185200 4.0841323E-07 
185300 4.0640933E-07 
185400 4.0441518E-07 
185500 4.0243069E-07 
185600 4.004558E-07 
185700 3.9849053E-07 
185800 3.9653477E-07 
185900 3.9458851E-07 
186000 3.9265171E-07 
186100 3.907243E-07 
186200 3.8880626E-07 
186300 3.8689751E-07 
186400 3.8499803E-07 
186500 3.8310776E-07 
186600 3.812267E-07 
186700 3.7935473E-07 
186800 3.7749189E-07 
186900 3.7563808E-07 
187000 3.7379326E-07 
187100 3.7195741E-07 
187200 3.7013049E-07 
187300 3.6831241E-07 
187400 3.665032E-07 
187500 3.6470277E-07 
187600 3.6291107E-07 
187700 3.6112809E-07 
187800 3.5935378E-07 
187900 3.5758808E-07 
188000 3.5583096E-07 
188100 3.5408237E-07 
188200 3.5234228E-07 
188300 3.5061066E-07 
188400 3.4888745E-07 
188500 3.4717263E-07 
188600 3.4546613E-07 
188700 3.4376794E-07 
188800 3.4207801E-07 
188900 3.403963E-07 
189000 3.3872274E-07 
189100 3.3705734E-07 
189200 3.3540005E-07 
189300 3.3375079E-07 
189400 3.3210958E-07 
189500 3.3047635E-07 
189600 3.2885106E-07 
189700 3.2723366E-07 
189800 3.2562414E-07 
189900 3.2402247E-07 
190000 3.2242858E-07 
190100 3.2084245E-07 
190200 3.1926405E-07 
190300 3.1769332E-07 
190400 3.1613021E-07 
190500 3.1457475E-07 
190600 3.1302685E-07 
190700 3.1148647E-07 
190800 3.0995361E-07 
190900 3.0842818E-07 
191000 3.0691021E-07 
191100 3.0539962E-07 
191200 3.038964E-07 
191300 3.0240048E-07 
191400 3.0091186E-07 
191500 2.994305E-07 
191600 2.9795632E-07 
191700 2.9648936E-07 
191800 2.9502954E-07 
191900 2.9357682E-07 
192000 2.9213118E-07 
192100 2.9069258E-07 
192200 2.8926098E-07 
192300 2.8783637E-07 
192400 2.8641873E-07 
192500 2.8500796E-07 
192600 2.8360409E-07 
192700 2.8220705E-07 
192800 2.8081683E-07 
192900 2.7943338E-07 
193000 2.7805666E-07 
193100 2.7668668E-07 
193200 2.7532337E-07 
193300 2.7396672E-07 
193400 2.7261666E-07 
193500 2.7127319E-07 
193600 2.6993629E-07 
193700 2.686059E-07 
193800 2.6728199E-07 
193900 2.6596456E-07 
194000 2.6465355E-07 
194100 2.6334894E-07 
194200 2.6205069E-07 
194300 2.6075875E-07 
194400 2.5947315E-07 
194500 2.5819381E-07 
194600 2.5692071E-07 
194700 2.5565384E-07 
194800 2.5439314E-07 
194900 2.5313858E-07 
195000 2.5189016E-07 
195100 2.5064784E-07 
195200 2.4941158E-07 
195300 2.4818135E-07 
195400 2.4695714E-07 
195500 2.457389E-07 
195600 2.445266E-07 
195700 2.4332024E-07 
195800 2.4211977E-07 
195900 2.4092515E-07 
196000 2.3973635E-07 
196100 2.3855338E-07 
196200 2.373762E-07 
196300 2.3620476E-07 
196400 2.3503902E-07 
196500 2.3387901E-07 
196600 2.3272464E-07 
196700 2.3157594E-07 
196800 2.3043283E-07 
196900 2.2929531E-07 
197000 2.2816336E-07 
197100 2.2703694E-07 
197200 2.2591603E-07 
197300 2.2480059E-07 
197400 2.2369061E-07 
197500 2.2258604E-07 
197600 2.2148689E-07 
197700 2.203931E-07 
197800 2.1930467E-07 
197900 2.1822156E-07 
198000 2.1714374E-07 
198100 2.160712E-07 
198200 2.1500389E-07 
198300 2.1394182E-07 
198400 2.1288494E-07 
198500 2.1183322E-07 
198600 2.1078667E-07 
198700 2.0974521E-07 
198800 2.0870885E-07 
198900 2.0767759E-07 
199000 2.0665135E-07 
199100 2.0563013E-07 
199200 2.0461393E-07 
199300 2.0360268E-07 
199400 2.0259638E-07 
199500 2.0159503E-07 
199600 2.0059856E-07 
199700 1.9960697E-07 
199800 1.9862024E-07 
199900 1.9763834E-07 
200000 1.9666125E-07 
