!    File written by Xop/BM containig a Bending Magnet spectrum
!    Column 1:  Photon Energy [eV] Column 2: Spectral power [Watts/eV/mrad]
!    
!    The next commented lines include the inputs for XOP/BM
!    Save these lines to a file (e.g., bm.xop) and removed the !  symbols
!    Then you can load it in Xop/BM  
!; xop/xop_ifc,'bm'(v1.1) input file on Wed Nov 11 08:30:17 2015
!''         | MACHINE_NAME         | 'APSbending magnet'
!StrArr(3)  | RB_CHOICE            | ['       0','Magnetic Radius','Magnetic Field']
!0.         | MACHINE_R_M          |  39.0000
!0.         | BFIELD_T             |  0.700000
!0.         | BEAM_ENERGY_GEV      |  7.00000
!0.         | CURRENT_A            |  0.100000
!0.         | HOR_DIV_MRAD         |  1.00000
!StrArr(5)  | VER_DIV              | ['       1','Full (integrated in Psi)','At Psi=0','In [PsiMin,PsiMax]','At Psi=Psi_Min']
!0.         | PHOT_ENERGY_MIN      |  1000.00
!0.         | PHOT_ENERGY_MAX      |  200000.
!0L         | NPOINTS              |  1991
!StrArr(3)  | LOG_CHOICE           | ['       0','Lin','Log']
!0.         | PSI_MRAD_PLOT        |  1.00000
!0.         | PSI_MIN              |  -0.300000
!0.         | PSI_MAX              |  0.300000
!0L         | PSI_NPOINTS          |  101
!    
      1000.00   0.00411231
      1100.00   0.00437234
      1200.00   0.00462290
      1300.00   0.00486491
      1400.00   0.00509911
      1500.00   0.00532614
      1600.00   0.00554654
      1700.00   0.00576076
      1800.00   0.00596921
      1900.00   0.00617223
      2000.00   0.00637013
      2100.00   0.00656319
      2200.00   0.00675166
      2300.00   0.00693574
      2400.00   0.00711564
      2500.00   0.00729155
      2600.00   0.00746362
      2700.00   0.00763201
      2800.00   0.00779685
      2900.00   0.00795827
      3000.00   0.00811640
      3100.00   0.00827134
      3200.00   0.00842319
      3300.00   0.00857206
      3400.00   0.00871802
      3500.00   0.00886117
      3600.00   0.00900158
      3700.00   0.00913933
      3800.00   0.00927448
      3900.00   0.00940712
      4000.00   0.00953729
      4100.00   0.00966505
      4200.00   0.00979047
      4300.00   0.00991361
      4400.00    0.0100345
      4500.00    0.0101532
      4600.00    0.0102698
      4700.00    0.0103842
      4800.00    0.0104966
      4900.00    0.0106070
      5000.00    0.0107154
      5100.00    0.0108219
      5200.00    0.0109265
      5300.00    0.0110293
      5400.00    0.0111302
      5500.00    0.0112293
      5600.00    0.0113266
      5700.00    0.0114222
      5800.00    0.0115161
      5900.00    0.0116084
      6000.00    0.0116990
      6100.00    0.0117880
      6200.00    0.0118754
      6300.00    0.0119612
      6400.00    0.0120455
      6500.00    0.0121283
      6600.00    0.0122096
      6700.00    0.0122894
      6800.00    0.0123678
      6900.00    0.0124447
      7000.00    0.0125203
      7100.00    0.0125944
      7200.00    0.0126672
      7300.00    0.0127387
      7400.00    0.0128088
      7500.00    0.0128777
      7600.00    0.0129452
      7700.00    0.0130115
      7800.00    0.0130765
      7900.00    0.0131404
      8000.00    0.0132029
      8100.00    0.0132643
      8200.00    0.0133245
      8300.00    0.0133836
      8400.00    0.0134415
      8500.00    0.0134982
      8600.00    0.0135539
      8700.00    0.0136084
      8800.00    0.0136618
      8900.00    0.0137142
      9000.00    0.0137655
      9100.00    0.0138158
      9200.00    0.0138650
      9300.00    0.0139132
      9400.00    0.0139603
      9500.00    0.0140065
      9600.00    0.0140517
      9700.00    0.0140959
      9800.00    0.0141392
      9900.00    0.0141815
      10000.0    0.0142229
      10100.0    0.0142634
      10200.0    0.0143029
      10300.0    0.0143415
      10400.0    0.0143793
      10500.0    0.0144161
      10600.0    0.0144521
      10700.0    0.0144873
      10800.0    0.0145215
      10900.0    0.0145550
      11000.0    0.0145876
      11100.0    0.0146194
      11200.0    0.0146504
      11300.0    0.0146806
      11400.0    0.0147100
      11500.0    0.0147386
      11600.0    0.0147664
      11700.0    0.0147935
      11800.0    0.0148198
      11900.0    0.0148454
      12000.0    0.0148702
      12100.0    0.0148943
      12200.0    0.0149177
      12300.0    0.0149404
      12400.0    0.0149624
      12500.0    0.0149837
      12600.0    0.0150043
      12700.0    0.0150242
      12800.0    0.0150434
      12900.0    0.0150620
      13000.0    0.0150799
      13100.0    0.0150972
      13200.0    0.0151139
      13300.0    0.0151299
      13400.0    0.0151453
      13500.0    0.0151600
      13600.0    0.0151742
      13700.0    0.0151877
      13800.0    0.0152007
      13900.0    0.0152130
      14000.0    0.0152248
      14100.0    0.0152360
      14200.0    0.0152467
      14300.0    0.0152567
      14400.0    0.0152662
      14500.0    0.0152752
      14600.0    0.0152836
      14700.0    0.0152915
      14800.0    0.0152988
      14900.0    0.0153057
      15000.0    0.0153120
      15100.0    0.0153178
      15200.0    0.0153230
      15300.0    0.0153278
      15400.0    0.0153321
      15500.0    0.0153359
      15600.0    0.0153392
      15700.0    0.0153420
      15800.0    0.0153444
      15900.0    0.0153463
      16000.0    0.0153477
      16100.0    0.0153487
      16200.0    0.0153492
      16300.0    0.0153493
      16400.0    0.0153489
      16500.0    0.0153481
      16600.0    0.0153469
      16700.0    0.0153452
      16800.0    0.0153431
      16900.0    0.0153406
      17000.0    0.0153377
      17100.0    0.0153344
      17200.0    0.0153307
      17300.0    0.0153266
      17400.0    0.0153221
      17500.0    0.0153172
      17600.0    0.0153119
      17700.0    0.0153062
      17800.0    0.0153002
      17900.0    0.0152938
      18000.0    0.0152870
      18100.0    0.0152799
      18200.0    0.0152724
      18300.0    0.0152646
      18400.0    0.0152564
      18500.0    0.0152479
      18600.0    0.0152390
      18700.0    0.0152299
      18800.0    0.0152203
      18900.0    0.0152105
      19000.0    0.0152003
      19100.0    0.0151898
      19200.0    0.0151790
      19300.0    0.0151679
      19400.0    0.0151564
      19500.0    0.0151447
      19600.0    0.0151327
      19700.0    0.0151203
      19800.0    0.0151077
      19900.0    0.0150948
      20000.0    0.0150816
      20100.0    0.0150681
      20200.0    0.0150544
      20300.0    0.0150403
      20400.0    0.0150260
      20500.0    0.0150115
      20600.0    0.0149966
      20700.0    0.0149815
      20800.0    0.0149662
      20900.0    0.0149506
      21000.0    0.0149347
      21100.0    0.0149186
      21200.0    0.0149023
      21300.0    0.0148857
      21400.0    0.0148689
      21500.0    0.0148518
      21600.0    0.0148345
      21700.0    0.0148170
      21800.0    0.0147992
      21900.0    0.0147813
      22000.0    0.0147631
      22100.0    0.0147447
      22200.0    0.0147260
      22300.0    0.0147072
      22400.0    0.0146882
      22500.0    0.0146689
      22600.0    0.0146495
      22700.0    0.0146298
      22800.0    0.0146100
      22900.0    0.0145899
      23000.0    0.0145697
      23100.0    0.0145493
      23200.0    0.0145287
      23300.0    0.0145079
      23400.0    0.0144869
      23500.0    0.0144658
      23600.0    0.0144444
      23700.0    0.0144229
      23800.0    0.0144013
      23900.0    0.0143794
      24000.0    0.0143574
      24100.0    0.0143353
      24200.0    0.0143129
      24300.0    0.0142904
      24400.0    0.0142678
      24500.0    0.0142450
      24600.0    0.0142220
      24700.0    0.0141990
      24800.0    0.0141757
      24900.0    0.0141523
      25000.0    0.0141288
      25100.0    0.0141051
      25200.0    0.0140813
      25300.0    0.0140574
      25400.0    0.0140333
      25500.0    0.0140091
      25600.0    0.0139847
      25700.0    0.0139603
      25800.0    0.0139357
      25900.0    0.0139109
      26000.0    0.0138861
      26100.0    0.0138611
      26200.0    0.0138361
      26300.0    0.0138109
      26400.0    0.0137856
      26500.0    0.0137602
      26600.0    0.0137346
      26700.0    0.0137090
      26800.0    0.0136833
      26900.0    0.0136574
      27000.0    0.0136315
      27100.0    0.0136054
      27200.0    0.0135793
      27300.0    0.0135531
      27400.0    0.0135267
      27500.0    0.0135003
      27600.0    0.0134738
      27700.0    0.0134472
      27800.0    0.0134205
      27900.0    0.0133937
      28000.0    0.0133668
      28100.0    0.0133399
      28200.0    0.0133129
      28300.0    0.0132857
      28400.0    0.0132586
      28500.0    0.0132313
      28600.0    0.0132039
      28700.0    0.0131765
      28800.0    0.0131491
      28900.0    0.0131215
      29000.0    0.0130939
      29100.0    0.0130662
      29200.0    0.0130384
      29300.0    0.0130106
      29400.0    0.0129827
      29500.0    0.0129548
      29600.0    0.0129268
      29700.0    0.0128987
      29800.0    0.0128706
      29900.0    0.0128424
      30000.0    0.0128142
      30100.0    0.0127859
      30200.0    0.0127576
      30300.0    0.0127292
      30400.0    0.0127008
      30500.0    0.0126723
      30600.0    0.0126438
      30700.0    0.0126152
      30800.0    0.0125866
      30900.0    0.0125579
      31000.0    0.0125292
      31100.0    0.0125005
      31200.0    0.0124717
      31300.0    0.0124429
      31400.0    0.0124140
      31500.0    0.0123851
      31600.0    0.0123562
      31700.0    0.0123273
      31800.0    0.0122983
      31900.0    0.0122693
      32000.0    0.0122402
      32100.0    0.0122111
      32200.0    0.0121820
      32300.0    0.0121529
      32400.0    0.0121238
      32500.0    0.0120946
      32600.0    0.0120654
      32700.0    0.0120362
      32800.0    0.0120069
      32900.0    0.0119777
      33000.0    0.0119484
      33100.0    0.0119191
      33200.0    0.0118898
      33300.0    0.0118604
      33400.0    0.0118311
      33500.0    0.0118017
      33600.0    0.0117724
      33700.0    0.0117430
      33800.0    0.0117136
      33900.0    0.0116842
      34000.0    0.0116548
      34100.0    0.0116253
      34200.0    0.0115959
      34300.0    0.0115665
      34400.0    0.0115370
      34500.0    0.0115076
      34600.0    0.0114781
      34700.0    0.0114487
      34800.0    0.0114192
      34900.0    0.0113897
      35000.0    0.0113603
      35100.0    0.0113308
      35200.0    0.0113014
      35300.0    0.0112719
      35400.0    0.0112425
      35500.0    0.0112130
      35600.0    0.0111836
      35700.0    0.0111541
      35800.0    0.0111247
      35900.0    0.0110953
      36000.0    0.0110658
      36100.0    0.0110364
      36200.0    0.0110070
      36300.0    0.0109776
      36400.0    0.0109482
      36500.0    0.0109189
      36600.0    0.0108895
      36700.0    0.0108601
      36800.0    0.0108308
      36900.0    0.0108015
      37000.0    0.0107722
      37100.0    0.0107429
      37200.0    0.0107136
      37300.0    0.0106843
      37400.0    0.0106551
      37500.0    0.0106258
      37600.0    0.0105966
      37700.0    0.0105674
      37800.0    0.0105383
      37900.0    0.0105091
      38000.0    0.0104800
      38100.0    0.0104509
      38200.0    0.0104218
      38300.0    0.0103927
      38400.0    0.0103636
      38500.0    0.0103346
      38600.0    0.0103056
      38700.0    0.0102766
      38800.0    0.0102477
      38900.0    0.0102187
      39000.0    0.0101898
      39100.0    0.0101610
      39200.0    0.0101321
      39300.0    0.0101033
      39400.0    0.0100745
      39500.0    0.0100457
      39600.0    0.0100170
      39700.0   0.00998829
      39800.0   0.00995961
      39900.0   0.00993096
      40000.0   0.00990235
      40100.0   0.00987376
      40200.0   0.00984520
      40300.0   0.00981668
      40400.0   0.00978819
      40500.0   0.00975973
      40600.0   0.00973131
      40700.0   0.00970292
      40800.0   0.00967456
      40900.0   0.00964624
      41000.0   0.00961795
      41100.0   0.00958970
      41200.0   0.00956149
      41300.0   0.00953331
      41400.0   0.00950516
      41500.0   0.00947706
      41600.0   0.00944899
      41700.0   0.00942096
      41800.0   0.00939297
      41900.0   0.00936501
      42000.0   0.00933709
      42100.0   0.00930922
      42200.0   0.00928138
      42300.0   0.00925358
      42400.0   0.00922583
      42500.0   0.00919811
      42600.0   0.00917043
      42700.0   0.00914280
      42800.0   0.00911520
      42900.0   0.00908765
      43000.0   0.00906014
      43100.0   0.00903267
      43200.0   0.00900525
      43300.0   0.00897787
      43400.0   0.00895053
      43500.0   0.00892323
      43600.0   0.00889598
      43700.0   0.00886877
      43800.0   0.00884161
      43900.0   0.00881449
      44000.0   0.00878742
      44100.0   0.00876039
      44200.0   0.00873341
      44300.0   0.00870647
      44400.0   0.00867958
      44500.0   0.00865273
      44600.0   0.00862594
      44700.0   0.00859918
      44800.0   0.00857248
      44900.0   0.00854582
      45000.0   0.00851921
      45100.0   0.00849265
      45200.0   0.00846613
      45300.0   0.00843966
      45400.0   0.00841324
      45500.0   0.00838687
      45600.0   0.00836055
      45700.0   0.00833428
      45800.0   0.00830805
      45900.0   0.00828188
      46000.0   0.00825575
      46100.0   0.00822968
      46200.0   0.00820365
      46300.0   0.00817768
      46400.0   0.00815175
      46500.0   0.00812587
      46600.0   0.00810005
      46700.0   0.00807428
      46800.0   0.00804855
      46900.0   0.00802288
      47000.0   0.00799726
      47100.0   0.00797169
      47200.0   0.00794617
      47300.0   0.00792070
      47400.0   0.00789529
      47500.0   0.00786992
      47600.0   0.00784461
      47700.0   0.00781935
      47800.0   0.00779415
      47900.0   0.00776899
      48000.0   0.00774389
      48100.0   0.00771884
      48200.0   0.00769385
      48300.0   0.00766890
      48400.0   0.00764401
      48500.0   0.00761918
      48600.0   0.00759439
      48700.0   0.00756966
      48800.0   0.00754499
      48900.0   0.00752037
      49000.0   0.00749580
      49100.0   0.00747128
      49200.0   0.00744682
      49300.0   0.00742241
      49400.0   0.00739806
      49500.0   0.00737376
      49600.0   0.00734952
      49700.0   0.00732533
      49800.0   0.00730119
      49900.0   0.00727711
      50000.0   0.00725309
      50100.0   0.00722912
      50200.0   0.00720520
      50300.0   0.00718134
      50400.0   0.00715753
      50500.0   0.00713378
      50600.0   0.00711008
      50700.0   0.00708644
      50800.0   0.00706286
      50900.0   0.00703933
      51000.0   0.00701585
      51100.0   0.00699243
      51200.0   0.00696907
      51300.0   0.00694576
      51400.0   0.00692250
      51500.0   0.00689931
      51600.0   0.00687616
      51700.0   0.00685308
      51800.0   0.00683005
      51900.0   0.00680707
      52000.0   0.00678415
      52100.0   0.00676129
      52200.0   0.00673848
      52300.0   0.00671573
      52400.0   0.00669303
      52500.0   0.00667039
      52600.0   0.00664781
      52700.0   0.00662528
      52800.0   0.00660281
      52900.0   0.00658040
      53000.0   0.00655804
      53100.0   0.00653573
      53200.0   0.00651349
      53300.0   0.00649129
      53400.0   0.00646916
      53500.0   0.00644708
      53600.0   0.00642506
      53700.0   0.00640309
      53800.0   0.00638118
      53900.0   0.00635933
      54000.0   0.00633753
      54100.0   0.00631579
      54200.0   0.00629410
      54300.0   0.00627247
      54400.0   0.00625090
      54500.0   0.00622938
      54600.0   0.00620792
      54700.0   0.00618651
      54800.0   0.00616517
      54900.0   0.00614387
      55000.0   0.00612264
      55100.0   0.00610146
      55200.0   0.00608033
      55300.0   0.00605926
      55400.0   0.00603825
      55500.0   0.00601730
      55600.0   0.00599640
      55700.0   0.00597555
      55800.0   0.00595476
      55900.0   0.00593403
      56000.0   0.00591336
      56100.0   0.00589274
      56200.0   0.00587217
      56300.0   0.00585166
      56400.0   0.00583121
      56500.0   0.00581081
      56600.0   0.00579047
      56700.0   0.00577019
      56800.0   0.00574996
      56900.0   0.00572978
      57000.0   0.00570966
      57100.0   0.00568960
      57200.0   0.00566959
      57300.0   0.00564964
      57400.0   0.00562975
      57500.0   0.00560990
      57600.0   0.00559012
      57700.0   0.00557039
      57800.0   0.00555071
      57900.0   0.00553109
      58000.0   0.00551153
      58100.0   0.00549202
      58200.0   0.00547257
      58300.0   0.00545317
      58400.0   0.00543382
      58500.0   0.00541453
      58600.0   0.00539530
      58700.0   0.00537612
      58800.0   0.00535699
      58900.0   0.00533792
      59000.0   0.00531891
      59100.0   0.00529995
      59200.0   0.00528104
      59300.0   0.00526219
      59400.0   0.00524339
      59500.0   0.00522465
      59600.0   0.00520596
      59700.0   0.00518732
      59800.0   0.00516874
      59900.0   0.00515022
      60000.0   0.00513175
      60100.0   0.00511333
      60200.0   0.00509496
      60300.0   0.00507665
      60400.0   0.00505840
      60500.0   0.00504019
      60600.0   0.00502204
      60700.0   0.00500395
      60800.0   0.00498591
      60900.0   0.00496792
      61000.0   0.00494998
      61100.0   0.00493210
      61200.0   0.00491427
      61300.0   0.00489649
      61400.0   0.00487877
      61500.0   0.00486110
      61600.0   0.00484349
      61700.0   0.00482592
      61800.0   0.00480841
      61900.0   0.00479095
      62000.0   0.00477354
      62100.0   0.00475619
      62200.0   0.00473889
      62300.0   0.00472164
      62400.0   0.00470444
      62500.0   0.00468730
      62600.0   0.00467021
      62700.0   0.00465317
      62800.0   0.00463618
      62900.0   0.00461924
      63000.0   0.00460236
      63100.0   0.00458553
      63200.0   0.00456874
      63300.0   0.00455202
      63400.0   0.00453534
      63500.0   0.00451871
      63600.0   0.00450213
      63700.0   0.00448561
      63800.0   0.00446914
      63900.0   0.00445271
      64000.0   0.00443634
      64100.0   0.00442002
      64200.0   0.00440375
      64300.0   0.00438753
      64400.0   0.00437136
      64500.0   0.00435524
      64600.0   0.00433918
      64700.0   0.00432316
      64800.0   0.00430719
      64900.0   0.00429127
      65000.0   0.00427541
      65100.0   0.00425959
      65200.0   0.00424382
      65300.0   0.00422810
      65400.0   0.00421243
      65500.0   0.00419682
      65600.0   0.00418125
      65700.0   0.00416573
      65800.0   0.00415025
      65900.0   0.00413483
      66000.0   0.00411946
      66100.0   0.00410414
      66200.0   0.00408886
      66300.0   0.00407364
      66400.0   0.00405846
      66500.0   0.00404333
      66600.0   0.00402825
      66700.0   0.00401322
      66800.0   0.00399823
      66900.0   0.00398330
      67000.0   0.00396841
      67100.0   0.00395357
      67200.0   0.00393878
      67300.0   0.00392403
      67400.0   0.00390934
      67500.0   0.00389469
      67600.0   0.00388009
      67700.0   0.00386553
      67800.0   0.00385102
      67900.0   0.00383656
      68000.0   0.00382215
      68100.0   0.00380779
      68200.0   0.00379347
      68300.0   0.00377920
      68400.0   0.00376497
      68500.0   0.00375079
      68600.0   0.00373666
      68700.0   0.00372257
      68800.0   0.00370853
      68900.0   0.00369454
      69000.0   0.00368059
      69100.0   0.00366669
      69200.0   0.00365283
      69300.0   0.00363902
      69400.0   0.00362526
      69500.0   0.00361154
      69600.0   0.00359786
      69700.0   0.00358424
      69800.0   0.00357065
      69900.0   0.00355711
      70000.0   0.00354362
      70100.0   0.00353017
      70200.0   0.00351677
      70300.0   0.00350341
      70400.0   0.00349010
      70500.0   0.00347683
      70600.0   0.00346360
      70700.0   0.00345042
      70800.0   0.00343728
      70900.0   0.00342419
      71000.0   0.00341114
      71100.0   0.00339813
      71200.0   0.00338517
      71300.0   0.00337225
      71400.0   0.00335938
      71500.0   0.00334655
      71600.0   0.00333376
      71700.0   0.00332102
      71800.0   0.00330831
      71900.0   0.00329565
      72000.0   0.00328304
      72100.0   0.00327047
      72200.0   0.00325794
      72300.0   0.00324545
      72400.0   0.00323300
      72500.0   0.00322060
      72600.0   0.00320824
      72700.0   0.00319592
      72800.0   0.00318364
      72900.0   0.00317141
      73000.0   0.00315921
      73100.0   0.00314706
      73200.0   0.00313495
      73300.0   0.00312288
      73400.0   0.00311086
      73500.0   0.00309887
      73600.0   0.00308693
      73700.0   0.00307502
      73800.0   0.00306316
      73900.0   0.00305134
      74000.0   0.00303956
      74100.0   0.00302782
      74200.0   0.00301612
      74300.0   0.00300446
      74400.0   0.00299284
      74500.0   0.00298126
      74600.0   0.00296972
      74700.0   0.00295822
      74800.0   0.00294676
      74900.0   0.00293534
      75000.0   0.00292396
      75100.0   0.00291262
      75200.0   0.00290132
      75300.0   0.00289006
      75400.0   0.00287884
      75500.0   0.00286766
      75600.0   0.00285651
      75700.0   0.00284541
      75800.0   0.00283434
      75900.0   0.00282332
      76000.0   0.00281233
      76100.0   0.00280138
      76200.0   0.00279046
      76300.0   0.00277959
      76400.0   0.00276875
      76500.0   0.00275796
      76600.0   0.00274720
      76700.0   0.00273648
      76800.0   0.00272579
      76900.0   0.00271515
      77000.0   0.00270454
      77100.0   0.00269397
      77200.0   0.00268343
      77300.0   0.00267294
      77400.0   0.00266248
      77500.0   0.00265205
      77600.0   0.00264167
      77700.0   0.00263132
      77800.0   0.00262101
      77900.0   0.00261073
      78000.0   0.00260049
      78100.0   0.00259029
      78200.0   0.00258012
      78300.0   0.00256999
      78400.0   0.00255990
      78500.0   0.00254984
      78600.0   0.00253982
      78700.0   0.00252983
      78800.0   0.00251988
      78900.0   0.00250997
      79000.0   0.00250009
      79100.0   0.00249024
      79200.0   0.00248043
      79300.0   0.00247066
      79400.0   0.00246092
      79500.0   0.00245122
      79600.0   0.00244155
      79700.0   0.00243191
      79800.0   0.00242231
      79900.0   0.00241275
      80000.0   0.00240322
      80100.0   0.00239372
      80200.0   0.00238426
      80300.0   0.00237483
      80400.0   0.00236544
      80500.0   0.00235608
      80600.0   0.00234675
      80700.0   0.00233746
      80800.0   0.00232820
      80900.0   0.00231897
      81000.0   0.00230978
      81100.0   0.00230062
      81200.0   0.00229150
      81300.0   0.00228241
      81400.0   0.00227335
      81500.0   0.00226432
      81600.0   0.00225533
      81700.0   0.00224637
      81800.0   0.00223744
      81900.0   0.00222854
      82000.0   0.00221968
      82100.0   0.00221085
      82200.0   0.00220205
      82300.0   0.00219328
      82400.0   0.00218455
      82500.0   0.00217585
      82600.0   0.00216718
      82700.0   0.00215854
      82800.0   0.00214993
      82900.0   0.00214135
      83000.0   0.00213281
      83100.0   0.00212430
      83200.0   0.00211582
      83300.0   0.00210737
      83400.0   0.00209895
      83500.0   0.00209056
      83600.0   0.00208220
      83700.0   0.00207387
      83800.0   0.00206558
      83900.0   0.00205731
      84000.0   0.00204908
      84100.0   0.00204087
      84200.0   0.00203270
      84300.0   0.00202455
      84400.0   0.00201644
      84500.0   0.00200835
      84600.0   0.00200030
      84700.0   0.00199228
      84800.0   0.00198428
      84900.0   0.00197632
      85000.0   0.00196838
      85100.0   0.00196048
      85200.0   0.00195260
      85300.0   0.00194475
      85400.0   0.00193693
      85500.0   0.00192914
      85600.0   0.00192138
      85700.0   0.00191365
      85800.0   0.00190595
      85900.0   0.00189828
      86000.0   0.00189063
      86100.0   0.00188302
      86200.0   0.00187543
      86300.0   0.00186787
      86400.0   0.00186034
      86500.0   0.00185283
      86600.0   0.00184536
      86700.0   0.00183791
      86800.0   0.00183049
      86900.0   0.00182310
      87000.0   0.00181573
      87100.0   0.00180840
      87200.0   0.00180109
      87300.0   0.00179381
      87400.0   0.00178655
      87500.0   0.00177933
      87600.0   0.00177213
      87700.0   0.00176496
      87800.0   0.00175781
      87900.0   0.00175069
      88000.0   0.00174360
      88100.0   0.00173653
      88200.0   0.00172950
      88300.0   0.00172248
      88400.0   0.00171550
      88500.0   0.00170854
      88600.0   0.00170161
      88700.0   0.00169470
      88800.0   0.00168782
      88900.0   0.00168096
      89000.0   0.00167414
      89100.0   0.00166733
      89200.0   0.00166056
      89300.0   0.00165381
      89400.0   0.00164708
      89500.0   0.00164038
      89600.0   0.00163371
      89700.0   0.00162706
      89800.0   0.00162043
      89900.0   0.00161383
      90000.0   0.00160726
      90100.0   0.00160071
      90200.0   0.00159419
      90300.0   0.00158769
      90400.0   0.00158121
      90500.0   0.00157476
      90600.0   0.00156834
      90700.0   0.00156194
      90800.0   0.00155556
      90900.0   0.00154921
      91000.0   0.00154288
      91100.0   0.00153658
      91200.0   0.00153030
      91300.0   0.00152405
      91400.0   0.00151782
      91500.0   0.00151161
      91600.0   0.00150543
      91700.0   0.00149927
      91800.0   0.00149313
      91900.0   0.00148702
      92000.0   0.00148093
      92100.0   0.00147486
      92200.0   0.00146882
      92300.0   0.00146280
      92400.0   0.00145680
      92500.0   0.00145083
      92600.0   0.00144488
      92700.0   0.00143895
      92800.0   0.00143305
      92900.0   0.00142717
      93000.0   0.00142131
      93100.0   0.00141547
      93200.0   0.00140966
      93300.0   0.00140387
      93400.0   0.00139810
      93500.0   0.00139235
      93600.0   0.00138663
      93700.0   0.00138092
      93800.0   0.00137524
      93900.0   0.00136958
      94000.0   0.00136395
      94100.0   0.00135833
      94200.0   0.00135274
      94300.0   0.00134717
      94400.0   0.00134162
      94500.0   0.00133609
      94600.0   0.00133058
      94700.0   0.00132510
      94800.0   0.00131963
      94900.0   0.00131419
      95000.0   0.00130877
      95100.0   0.00130337
      95200.0   0.00129799
      95300.0   0.00129263
      95400.0   0.00128729
      95500.0   0.00128197
      95600.0   0.00127668
      95700.0   0.00127140
      95800.0   0.00126615
      95900.0   0.00126091
      96000.0   0.00125570
      96100.0   0.00125050
      96200.0   0.00124533
      96300.0   0.00124018
      96400.0   0.00123504
      96500.0   0.00122993
      96600.0   0.00122484
      96700.0   0.00121976
      96800.0   0.00121471
      96900.0   0.00120968
      97000.0   0.00120466
      97100.0   0.00119967
      97200.0   0.00119469
      97300.0   0.00118974
      97400.0   0.00118480
      97500.0   0.00117988
      97600.0   0.00117499
      97700.0   0.00117011
      97800.0   0.00116525
      97900.0   0.00116041
      98000.0   0.00115559
      98100.0   0.00115079
      98200.0   0.00114600
      98300.0   0.00114124
      98400.0   0.00113649
      98500.0   0.00113177
      98600.0   0.00112706
      98700.0   0.00112237
      98800.0   0.00111770
      98900.0   0.00111305
      99000.0   0.00110841
      99100.0   0.00110380
      99200.0   0.00109920
      99300.0   0.00109462
      99400.0   0.00109006
      99500.0   0.00108551
      99600.0   0.00108099
      99700.0   0.00107648
      99800.0   0.00107199
      99900.0   0.00106752
      100000.   0.00106306
      100100.   0.00105863
      100200.   0.00105421
      100300.   0.00104980
      100400.   0.00104542
      100500.   0.00104105
      100600.   0.00103670
      100700.   0.00103237
      100800.   0.00102806
      100900.   0.00102376
      101000.   0.00101948
      101100.   0.00101521
      101200.   0.00101097
      101300.   0.00100674
      101400.   0.00100252
      101500.  0.000998326
      101600.  0.000994146
      101700.  0.000989983
      101800.  0.000985836
      101900.  0.000981706
      102000.  0.000977592
      102100.  0.000973495
      102200.  0.000969414
      102300.  0.000965349
      102400.  0.000961301
      102500.  0.000957268
      102600.  0.000953252
      102700.  0.000949252
      102800.  0.000945268
      102900.  0.000941299
      103000.  0.000937347
      103100.  0.000933410
      103200.  0.000929489
      103300.  0.000925584
      103400.  0.000921694
      103500.  0.000917820
      103600.  0.000913962
      103700.  0.000910119
      103800.  0.000906291
      103900.  0.000902479
      104000.  0.000898682
      104100.  0.000894900
      104200.  0.000891133
      104300.  0.000887382
      104400.  0.000883645
      104500.  0.000879924
      104600.  0.000876217
      104700.  0.000872526
      104800.  0.000868849
      104900.  0.000865187
      105000.  0.000861540
      105100.  0.000857907
      105200.  0.000854289
      105300.  0.000850686
      105400.  0.000847097
      105500.  0.000843522
      105600.  0.000839962
      105700.  0.000836416
      105800.  0.000832885
      105900.  0.000829368
      106000.  0.000825865
      106100.  0.000822376
      106200.  0.000818901
      106300.  0.000815440
      106400.  0.000811994
      106500.  0.000808561
      106600.  0.000805142
      106700.  0.000801737
      106800.  0.000798345
      106900.  0.000794968
      107000.  0.000791604
      107100.  0.000788253
      107200.  0.000784916
      107300.  0.000781593
      107400.  0.000778283
      107500.  0.000774987
      107600.  0.000771703
      107700.  0.000768434
      107800.  0.000765177
      107900.  0.000761934
      108000.  0.000758704
      108100.  0.000755486
      108200.  0.000752282
      108300.  0.000749091
      108400.  0.000745913
      108500.  0.000742748
      108600.  0.000739596
      108700.  0.000736456
      108800.  0.000733330
      108900.  0.000730216
      109000.  0.000727114
      109100.  0.000724026
      109200.  0.000720950
      109300.  0.000717886
      109400.  0.000714835
      109500.  0.000711796
      109600.  0.000708770
      109700.  0.000705756
      109800.  0.000702754
      109900.  0.000699765
      110000.  0.000696787
      110100.  0.000693822
      110200.  0.000690869
      110300.  0.000687928
      110400.  0.000684999
      110500.  0.000682082
      110600.  0.000679177
      110700.  0.000676284
      110800.  0.000673403
      110900.  0.000670533
      111000.  0.000667675
      111100.  0.000664829
      111200.  0.000661995
      111300.  0.000659172
      111400.  0.000656360
      111500.  0.000653560
      111600.  0.000650772
      111700.  0.000647995
      111800.  0.000645229
      111900.  0.000642475
      112000.  0.000639732
      112100.  0.000637000
      112200.  0.000634280
      112300.  0.000631571
      112400.  0.000628872
      112500.  0.000626185
      112600.  0.000623509
      112700.  0.000620844
      112800.  0.000618190
      112900.  0.000615547
      113000.  0.000612914
      113100.  0.000610293
      113200.  0.000607682
      113300.  0.000605082
      113400.  0.000602492
      113500.  0.000599914
      113600.  0.000597346
      113700.  0.000594788
      113800.  0.000592241
      113900.  0.000589705
      114000.  0.000587179
      114100.  0.000584663
      114200.  0.000582158
      114300.  0.000579663
      114400.  0.000577178
      114500.  0.000574704
      114600.  0.000572240
      114700.  0.000569786
      114800.  0.000567342
      114900.  0.000564908
      115000.  0.000562484
      115100.  0.000560071
      115200.  0.000557667
      115300.  0.000555273
      115400.  0.000552889
      115500.  0.000550515
      115600.  0.000548151
      115700.  0.000545797
      115800.  0.000543452
      115900.  0.000541117
      116000.  0.000538792
      116100.  0.000536476
      116200.  0.000534170
      116300.  0.000531873
      116400.  0.000529586
      116500.  0.000527309
      116600.  0.000525041
      116700.  0.000522782
      116800.  0.000520533
      116900.  0.000518293
      117000.  0.000516062
      117100.  0.000513840
      117200.  0.000511628
      117300.  0.000509425
      117400.  0.000507231
      117500.  0.000505047
      117600.  0.000502871
      117700.  0.000500704
      117800.  0.000498547
      117900.  0.000496398
      118000.  0.000494258
      118100.  0.000492127
      118200.  0.000490005
      118300.  0.000487892
      118400.  0.000485788
      118500.  0.000483692
      118600.  0.000481605
      118700.  0.000479527
      118800.  0.000477458
      118900.  0.000475397
      119000.  0.000473345
      119100.  0.000471301
      119200.  0.000469266
      119300.  0.000467239
      119400.  0.000465221
      119500.  0.000463211
      119600.  0.000461209
      119700.  0.000459216
      119800.  0.000457231
      119900.  0.000455255
      120000.  0.000453287
      120100.  0.000451327
      120200.  0.000449375
      120300.  0.000447431
      120400.  0.000445496
      120500.  0.000443568
      120600.  0.000441649
      120700.  0.000439738
      120800.  0.000437834
      120900.  0.000435939
      121000.  0.000434051
      121100.  0.000432172
      121200.  0.000430300
      121300.  0.000428436
      121400.  0.000426580
      121500.  0.000424732
      121600.  0.000422891
      121700.  0.000421059
      121800.  0.000419234
      121900.  0.000417416
      122000.  0.000415606
      122100.  0.000413804
      122200.  0.000412009
      122300.  0.000410222
      122400.  0.000408443
      122500.  0.000406670
      122600.  0.000404906
      122700.  0.000403148
      122800.  0.000401398
      122900.  0.000399656
      123000.  0.000397921
      123100.  0.000396193
      123200.  0.000394472
      123300.  0.000392758
      123400.  0.000391052
      123500.  0.000389353
      123600.  0.000387661
      123700.  0.000385976
      123800.  0.000384299
      123900.  0.000382628
      124000.  0.000380964
      124100.  0.000379308
      124200.  0.000377658
      124300.  0.000376016
      124400.  0.000374380
      124500.  0.000372751
      124600.  0.000371129
      124700.  0.000369514
      124800.  0.000367906
      124900.  0.000366304
      125000.  0.000364709
      125100.  0.000363121
      125200.  0.000361540
      125300.  0.000359965
      125400.  0.000358397
      125500.  0.000356836
      125600.  0.000355281
      125700.  0.000353733
      125800.  0.000352191
      125900.  0.000350656
      126000.  0.000349127
      126100.  0.000347605
      126200.  0.000346089
      126300.  0.000344580
      126400.  0.000343077
      126500.  0.000341580
      126600.  0.000340090
      126700.  0.000338606
      126800.  0.000337128
      126900.  0.000335657
      127000.  0.000334191
      127100.  0.000332732
      127200.  0.000331280
      127300.  0.000329833
      127400.  0.000328392
      127500.  0.000326958
      127600.  0.000325530
      127700.  0.000324107
      127800.  0.000322691
      127900.  0.000321281
      128000.  0.000319877
      128100.  0.000318478
      128200.  0.000317086
      128300.  0.000315699
      128400.  0.000314319
      128500.  0.000312944
      128600.  0.000311575
      128700.  0.000310212
      128800.  0.000308855
      128900.  0.000307503
      129000.  0.000306158
      129100.  0.000304818
      129200.  0.000303483
      129300.  0.000302155
      129400.  0.000300832
      129500.  0.000299514
      129600.  0.000298203
      129700.  0.000296896
      129800.  0.000295596
      129900.  0.000294301
      130000.  0.000293011
      130100.  0.000291727
      130200.  0.000290448
      130300.  0.000289175
      130400.  0.000287908
      130500.  0.000286645
      130600.  0.000285388
      130700.  0.000284137
      130800.  0.000282890
      130900.  0.000281649
      131000.  0.000280414
      131100.  0.000279183
      131200.  0.000277958
      131300.  0.000276738
      131400.  0.000275524
      131500.  0.000274314
      131600.  0.000273110
      131700.  0.000271911
      131800.  0.000270717
      131900.  0.000269528
      132000.  0.000268344
      132100.  0.000267165
      132200.  0.000265991
      132300.  0.000264822
      132400.  0.000263659
      132500.  0.000262500
      132600.  0.000261346
      132700.  0.000260197
      132800.  0.000259053
      132900.  0.000257914
      133000.  0.000256780
      133100.  0.000255650
      133200.  0.000254526
      133300.  0.000253406
      133400.  0.000252291
      133500.  0.000251181
      133600.  0.000250076
      133700.  0.000248975
      133800.  0.000247879
      133900.  0.000246788
      134000.  0.000245701
      134100.  0.000244619
      134200.  0.000243542
      134300.  0.000242469
      134400.  0.000241401
      134500.  0.000240338
      134600.  0.000239279
      134700.  0.000238225
      134800.  0.000237175
      134900.  0.000236129
      135000.  0.000235089
      135100.  0.000234052
      135200.  0.000233020
      135300.  0.000231993
      135400.  0.000230970
      135500.  0.000229951
      135600.  0.000228937
      135700.  0.000227927
      135800.  0.000226921
      135900.  0.000225920
      136000.  0.000224923
      136100.  0.000223930
      136200.  0.000222942
      136300.  0.000221958
      136400.  0.000220978
      136500.  0.000220002
      136600.  0.000219031
      136700.  0.000218063
      136800.  0.000217100
      136900.  0.000216141
      137000.  0.000215186
      137100.  0.000214236
      137200.  0.000213289
      137300.  0.000212346
      137400.  0.000211408
      137500.  0.000210473
      137600.  0.000209543
      137700.  0.000208617
      137800.  0.000207694
      137900.  0.000206776
      138000.  0.000205861
      138100.  0.000204951
      138200.  0.000204044
      138300.  0.000203141
      138400.  0.000202242
      138500.  0.000201348
      138600.  0.000200456
      138700.  0.000199569
      138800.  0.000198686
      138900.  0.000197806
      139000.  0.000196930
      139100.  0.000196058
      139200.  0.000195190
      139300.  0.000194326
      139400.  0.000193465
      139500.  0.000192608
      139600.  0.000191755
      139700.  0.000190905
      139800.  0.000190059
      139900.  0.000189217
      140000.  0.000188378
      140100.  0.000187543
      140200.  0.000186712
      140300.  0.000185884
      140400.  0.000185060
      140500.  0.000184239
      140600.  0.000183422
      140700.  0.000182609
      140800.  0.000181799
      140900.  0.000180992
      141000.  0.000180189
      141100.  0.000179389
      141200.  0.000178593
      141300.  0.000177801
      141400.  0.000177011
      141500.  0.000176226
      141600.  0.000175443
      141700.  0.000174664
      141800.  0.000173889
      141900.  0.000173117
      142000.  0.000172348
      142100.  0.000171582
      142200.  0.000170820
      142300.  0.000170061
      142400.  0.000169305
      142500.  0.000168553
      142600.  0.000167804
      142700.  0.000167058
      142800.  0.000166316
      142900.  0.000165576
      143000.  0.000164840
      143100.  0.000164107
      143200.  0.000163377
      143300.  0.000162651
      143400.  0.000161927
      143500.  0.000161207
      143600.  0.000160490
      143700.  0.000159776
      143800.  0.000159065
      143900.  0.000158357
      144000.  0.000157652
      144100.  0.000156951
      144200.  0.000156252
      144300.  0.000155556
      144400.  0.000154864
      144500.  0.000154174
      144600.  0.000153488
      144700.  0.000152804
      144800.  0.000152124
      144900.  0.000151446
      145000.  0.000150771
      145100.  0.000150100
      145200.  0.000149431
      145300.  0.000148765
      145400.  0.000148102
      145500.  0.000147442
      145600.  0.000146785
      145700.  0.000146130
      145800.  0.000145479
      145900.  0.000144830
      146000.  0.000144184
      146100.  0.000143541
      146200.  0.000142901
      146300.  0.000142264
      146400.  0.000141629
      146500.  0.000140997
      146600.  0.000140368
      146700.  0.000139742
      146800.  0.000139118
      146900.  0.000138497
      147000.  0.000137879
      147100.  0.000137264
      147200.  0.000136651
      147300.  0.000136041
      147400.  0.000135433
      147500.  0.000134829
      147600.  0.000134226
      147700.  0.000133627
      147800.  0.000133030
      147900.  0.000132436
      148000.  0.000131844
      148100.  0.000131255
      148200.  0.000130669
      148300.  0.000130085
      148400.  0.000129503
      148500.  0.000128924
      148600.  0.000128348
      148700.  0.000127774
      148800.  0.000127203
      148900.  0.000126634
      149000.  0.000126068
      149100.  0.000125504
      149200.  0.000124943
      149300.  0.000124384
      149400.  0.000123827
      149500.  0.000123273
      149600.  0.000122722
      149700.  0.000122173
      149800.  0.000121626
      149900.  0.000121082
      150000.  0.000120540
      150100.  0.000120000
      150200.  0.000119463
      150300.  0.000118928
      150400.  0.000118395
      150500.  0.000117865
      150600.  0.000117337
      150700.  0.000116812
      150800.  0.000116289
      150900.  0.000115768
      151000.  0.000115249
      151100.  0.000114733
      151200.  0.000114219
      151300.  0.000113707
      151400.  0.000113197
      151500.  0.000112690
      151600.  0.000112185
      151700.  0.000111682
      151800.  0.000111181
      151900.  0.000110683
      152000.  0.000110186
      152100.  0.000109692
      152200.  0.000109200
      152300.  0.000108710
      152400.  0.000108223
      152500.  0.000107737
      152600.  0.000107254
      152700.  0.000106773
      152800.  0.000106294
      152900.  0.000105817
      153000.  0.000105342
      153100.  0.000104869
      153200.  0.000104398
      153300.  0.000103929
      153400.  0.000103463
      153500.  0.000102998
      153600.  0.000102536
      153700.  0.000102075
      153800.  0.000101617
      153900.  0.000101160
      154000.  0.000100706
      154100.  0.000100254
      154200.  9.98032e-05
      154300.  9.93548e-05
      154400.  9.89083e-05
      154500.  9.84638e-05
      154600.  9.80213e-05
      154700.  9.75807e-05
      154800.  9.71421e-05
      154900.  9.67054e-05
      155000.  9.62706e-05
      155100.  9.58378e-05
      155200.  9.54068e-05
      155300.  9.49778e-05
      155400.  9.45506e-05
      155500.  9.41254e-05
      155600.  9.37020e-05
      155700.  9.32804e-05
      155800.  9.28608e-05
      155900.  9.24430e-05
      156000.  9.20270e-05
      156100.  9.16129e-05
      156200.  9.12006e-05
      156300.  9.07901e-05
      156400.  9.03815e-05
      156500.  8.99746e-05
      156600.  8.95695e-05
      156700.  8.91663e-05
      156800.  8.87648e-05
      156900.  8.83651e-05
      157000.  8.79671e-05
      157100.  8.75709e-05
      157200.  8.71765e-05
      157300.  8.67838e-05
      157400.  8.63929e-05
      157500.  8.60036e-05
      157600.  8.56161e-05
      157700.  8.52303e-05
      157800.  8.48463e-05
      157900.  8.44639e-05
      158000.  8.40832e-05
      158100.  8.37042e-05
      158200.  8.33268e-05
      158300.  8.29512e-05
      158400.  8.25772e-05
      158500.  8.22048e-05
      158600.  8.18342e-05
      158700.  8.14651e-05
      158800.  8.10977e-05
      158900.  8.07319e-05
      159000.  8.03677e-05
      159100.  8.00052e-05
      159200.  7.96442e-05
      159300.  7.92849e-05
      159400.  7.89271e-05
      159500.  7.85709e-05
      159600.  7.82163e-05
      159700.  7.78633e-05
      159800.  7.75119e-05
      159900.  7.71620e-05
      160000.  7.68136e-05
      160100.  7.64668e-05
      160200.  7.61216e-05
      160300.  7.57778e-05
      160400.  7.54356e-05
      160500.  7.50949e-05
      160600.  7.47557e-05
      160700.  7.44181e-05
      160800.  7.40819e-05
      160900.  7.37472e-05
      161000.  7.34140e-05
      161100.  7.30823e-05
      161200.  7.27521e-05
      161300.  7.24233e-05
      161400.  7.20960e-05
      161500.  7.17701e-05
      161600.  7.14457e-05
      161700.  7.11227e-05
      161800.  7.08012e-05
      161900.  7.04811e-05
      162000.  7.01624e-05
      162100.  6.98451e-05
      162200.  6.95292e-05
      162300.  6.92148e-05
      162400.  6.89017e-05
      162500.  6.85901e-05
      162600.  6.82798e-05
      162700.  6.79709e-05
      162800.  6.76633e-05
      162900.  6.73572e-05
      163000.  6.70524e-05
      163100.  6.67489e-05
      163200.  6.64468e-05
      163300.  6.61461e-05
      163400.  6.58467e-05
      163500.  6.55486e-05
      163600.  6.52518e-05
      163700.  6.49564e-05
      163800.  6.46623e-05
      163900.  6.43695e-05
      164000.  6.40780e-05
      164100.  6.37878e-05
      164200.  6.34989e-05
      164300.  6.32112e-05
      164400.  6.29249e-05
      164500.  6.26398e-05
      164600.  6.23560e-05
      164700.  6.20735e-05
      164800.  6.17922e-05
      164900.  6.15122e-05
      165000.  6.12334e-05
      165100.  6.09559e-05
      165200.  6.06796e-05
      165300.  6.04045e-05
      165400.  6.01307e-05
      165500.  5.98581e-05
      165600.  5.95867e-05
      165700.  5.93165e-05
      165800.  5.90475e-05
      165900.  5.87797e-05
      166000.  5.85131e-05
      166100.  5.82477e-05
      166200.  5.79835e-05
      166300.  5.77205e-05
      166400.  5.74586e-05
      166500.  5.71979e-05
      166600.  5.69384e-05
      166700.  5.66800e-05
      166800.  5.64228e-05
      166900.  5.61667e-05
      167000.  5.59118e-05
      167100.  5.56580e-05
      167200.  5.54053e-05
      167300.  5.51538e-05
      167400.  5.49034e-05
      167500.  5.46541e-05
      167600.  5.44060e-05
      167700.  5.41589e-05
      167800.  5.39129e-05
      167900.  5.36681e-05
      168000.  5.34243e-05
      168100.  5.31816e-05
      168200.  5.29400e-05
      168300.  5.26995e-05
      168400.  5.24601e-05
      168500.  5.22217e-05
      168600.  5.19844e-05
      168700.  5.17482e-05
      168800.  5.15130e-05
      168900.  5.12789e-05
      169000.  5.10458e-05
      169100.  5.08138e-05
      169200.  5.05828e-05
      169300.  5.03528e-05
      169400.  5.01239e-05
      169500.  4.98960e-05
      169600.  4.96691e-05
      169700.  4.94432e-05
      169800.  4.92183e-05
      169900.  4.89945e-05
      170000.  4.87716e-05
      170100.  4.85498e-05
      170200.  4.83289e-05
      170300.  4.81090e-05
      170400.  4.78901e-05
      170500.  4.76722e-05
      170600.  4.74553e-05
      170700.  4.72393e-05
      170800.  4.70244e-05
      170900.  4.68103e-05
      171000.  4.65973e-05
      171100.  4.63851e-05
      171200.  4.61740e-05
      171300.  4.59638e-05
      171400.  4.57545e-05
      171500.  4.55461e-05
      171600.  4.53387e-05
      171700.  4.51323e-05
      171800.  4.49267e-05
      171900.  4.47221e-05
      172000.  4.45184e-05
      172100.  4.43156e-05
      172200.  4.41137e-05
      172300.  4.39127e-05
      172400.  4.37127e-05
      172500.  4.35135e-05
      172600.  4.33152e-05
      172700.  4.31178e-05
      172800.  4.29213e-05
      172900.  4.27257e-05
      173000.  4.25309e-05
      173100.  4.23371e-05
      173200.  4.21441e-05
      173300.  4.19519e-05
      173400.  4.17607e-05
      173500.  4.15703e-05
      173600.  4.13807e-05
      173700.  4.11920e-05
      173800.  4.10041e-05
      173900.  4.08171e-05
      174000.  4.06310e-05
      174100.  4.04456e-05
      174200.  4.02611e-05
      174300.  4.00774e-05
      174400.  3.98946e-05
      174500.  3.97126e-05
      174600.  3.95314e-05
      174700.  3.93510e-05
      174800.  3.91714e-05
      174900.  3.89926e-05
      175000.  3.88146e-05
      175100.  3.86375e-05
      175200.  3.84611e-05
      175300.  3.82855e-05
      175400.  3.81107e-05
      175500.  3.79367e-05
      175600.  3.77635e-05
      175700.  3.75911e-05
      175800.  3.74194e-05
      175900.  3.72485e-05
      176000.  3.70784e-05
      176100.  3.69090e-05
      176200.  3.67404e-05
      176300.  3.65726e-05
      176400.  3.64055e-05
      176500.  3.62392e-05
      176600.  3.60736e-05
      176700.  3.59088e-05
      176800.  3.57447e-05
      176900.  3.55814e-05
      177000.  3.54187e-05
      177100.  3.52569e-05
      177200.  3.50957e-05
      177300.  3.49353e-05
      177400.  3.47756e-05
      177500.  3.46166e-05
      177600.  3.44583e-05
      177700.  3.43008e-05
      177800.  3.41439e-05
      177900.  3.39878e-05
      178000.  3.38324e-05
      178100.  3.36776e-05
      178200.  3.35236e-05
      178300.  3.33703e-05
      178400.  3.32176e-05
      178500.  3.30657e-05
      178600.  3.29144e-05
      178700.  3.27638e-05
      178800.  3.26139e-05
      178900.  3.24647e-05
      179000.  3.23161e-05
      179100.  3.21682e-05
      179200.  3.20210e-05
      179300.  3.18744e-05
      179400.  3.17285e-05
      179500.  3.15833e-05
      179600.  3.14387e-05
      179700.  3.12948e-05
      179800.  3.11515e-05
      179900.  3.10089e-05
      180000.  3.08669e-05
      180100.  3.07255e-05
      180200.  3.05848e-05
      180300.  3.04447e-05
      180400.  3.03053e-05
      180500.  3.01665e-05
      180600.  3.00283e-05
      180700.  2.98908e-05
      180800.  2.97538e-05
      180900.  2.96175e-05
      181000.  2.94818e-05
      181100.  2.93467e-05
      181200.  2.92122e-05
      181300.  2.90784e-05
      181400.  2.89451e-05
      181500.  2.88124e-05
      181600.  2.86804e-05
      181700.  2.85489e-05
      181800.  2.84180e-05
      181900.  2.82878e-05
      182000.  2.81581e-05
      182100.  2.80290e-05
      182200.  2.79004e-05
      182300.  2.77725e-05
      182400.  2.76451e-05
      182500.  2.75184e-05
      182600.  2.73922e-05
      182700.  2.72665e-05
      182800.  2.71414e-05
      182900.  2.70169e-05
      183000.  2.68930e-05
      183100.  2.67696e-05
      183200.  2.66468e-05
      183300.  2.65245e-05
      183400.  2.64028e-05
      183500.  2.62817e-05
      183600.  2.61611e-05
      183700.  2.60410e-05
      183800.  2.59215e-05
      183900.  2.58025e-05
      184000.  2.56841e-05
      184100.  2.55662e-05
      184200.  2.54488e-05
      184300.  2.53320e-05
      184400.  2.52156e-05
      184500.  2.50999e-05
      184600.  2.49846e-05
      184700.  2.48699e-05
      184800.  2.47557e-05
      184900.  2.46420e-05
      185000.  2.45288e-05
      185100.  2.44161e-05
      185200.  2.43040e-05
      185300.  2.41923e-05
      185400.  2.40812e-05
      185500.  2.39705e-05
      185600.  2.38604e-05
      185700.  2.37508e-05
      185800.  2.36416e-05
      185900.  2.35330e-05
      186000.  2.34248e-05
      186100.  2.33172e-05
      186200.  2.32100e-05
      186300.  2.31033e-05
      186400.  2.29971e-05
      186500.  2.28914e-05
      186600.  2.27862e-05
      186700.  2.26814e-05
      186800.  2.25771e-05
      186900.  2.24733e-05
      187000.  2.23700e-05
      187100.  2.22671e-05
      187200.  2.21647e-05
      187300.  2.20628e-05
      187400.  2.19613e-05
      187500.  2.18603e-05
      187600.  2.17597e-05
      187700.  2.16596e-05
      187800.  2.15600e-05
      187900.  2.14608e-05
      188000.  2.13620e-05
      188100.  2.12637e-05
      188200.  2.11659e-05
      188300.  2.10685e-05
      188400.  2.09715e-05
      188500.  2.08750e-05
      188600.  2.07789e-05
      188700.  2.06833e-05
      188800.  2.05881e-05
      188900.  2.04933e-05
      189000.  2.03990e-05
      189100.  2.03051e-05
      189200.  2.02116e-05
      189300.  2.01185e-05
      189400.  2.00259e-05
      189500.  1.99336e-05
      189600.  1.98418e-05
      189700.  1.97505e-05
      189800.  1.96595e-05
      189900.  1.95689e-05
      190000.  1.94788e-05
      190100.  1.93891e-05
      190200.  1.92998e-05
      190300.  1.92108e-05
      190400.  1.91223e-05
      190500.  1.90342e-05
      190600.  1.89465e-05
      190700.  1.88592e-05
      190800.  1.87723e-05
      190900.  1.86858e-05
      191000.  1.85997e-05
      191100.  1.85139e-05
      191200.  1.84286e-05
      191300.  1.83437e-05
      191400.  1.82591e-05
      191500.  1.81749e-05
      191600.  1.80911e-05
      191700.  1.80077e-05
      191800.  1.79247e-05
      191900.  1.78420e-05
      192000.  1.77598e-05
      192100.  1.76779e-05
      192200.  1.75963e-05
      192300.  1.75152e-05
      192400.  1.74344e-05
      192500.  1.73540e-05
      192600.  1.72739e-05
      192700.  1.71942e-05
      192800.  1.71149e-05
      192900.  1.70359e-05
      193000.  1.69573e-05
      193100.  1.68791e-05
      193200.  1.68012e-05
      193300.  1.67237e-05
      193400.  1.66465e-05
      193500.  1.65697e-05
      193600.  1.64932e-05
      193700.  1.64171e-05
      193800.  1.63413e-05
      193900.  1.62659e-05
      194000.  1.61908e-05
      194100.  1.61160e-05
      194200.  1.60416e-05
      194300.  1.59676e-05
      194400.  1.58938e-05
      194500.  1.58204e-05
      194600.  1.57474e-05
      194700.  1.56747e-05
      194800.  1.56023e-05
      194900.  1.55302e-05
      195000.  1.54585e-05
      195100.  1.53871e-05
      195200.  1.53160e-05
      195300.  1.52452e-05
      195400.  1.51748e-05
      195500.  1.51047e-05
      195600.  1.50349e-05
      195700.  1.49654e-05
      195800.  1.48963e-05
      195900.  1.48274e-05
      196000.  1.47589e-05
      196100.  1.46907e-05
      196200.  1.46228e-05
      196300.  1.45552e-05
      196400.  1.44879e-05
      196500.  1.44210e-05
      196600.  1.43543e-05
      196700.  1.42880e-05
      196800.  1.42219e-05
      196900.  1.41561e-05
      197000.  1.40907e-05
      197100.  1.40255e-05
      197200.  1.39607e-05
      197300.  1.38961e-05
      197400.  1.38319e-05
      197500.  1.37679e-05
      197600.  1.37042e-05
      197700.  1.36408e-05
      197800.  1.35777e-05
      197900.  1.35149e-05
      198000.  1.34524e-05
      198100.  1.33901e-05
      198200.  1.33282e-05
      198300.  1.32665e-05
      198400.  1.32051e-05
      198500.  1.31440e-05
      198600.  1.30832e-05
      198700.  1.30227e-05
      198800.  1.29624e-05
      198900.  1.29024e-05
      199000.  1.28427e-05
      199100.  1.27832e-05
      199200.  1.27241e-05
      199300.  1.26652e-05
      199400.  1.26065e-05
      199500.  1.25482e-05
      199600.  1.24901e-05
      199700.  1.24322e-05
      199800.  1.23747e-05
      199900.  1.23174e-05
      200000.  1.22603e-05
