1000 11.4449 0.00434013 3671.92 0 0 3681.74 3671.92 
1200 11.25 0.00560123 2551.18 0 0 2562.48 2551.18 
1400 11.0625 0.00688572 1874.41 0 0 1885.4 1874.41 
1600 10.8633 0.00812744 1424.49 0 0 1435.3 1424.49 
1800 10.6489 0.00932597 1109.48 0 0 1120.16 1109.48 
2000 10.4294 0.0105244 3911.03 0 0 3920.86 3911.03 
2200 10.2056 0.0117178 3083.62 0 0 3093.78 3083.62 
2400 9.99552 0.0128809 2890.23 0 0 2900.28 2890.23 
2600 9.79101 0.0140292 2531.84 0 0 2541.67 2531.84 
2800 9.57604 0.01518 2129.14 0 0 2138.83 2129.14 
3000 9.36159 0.0163255 1892.63 0 0 1902.13 1892.63 
3200 9.1519 0.0174588 1620.74 0 0 1629.91 1620.74 
3400 8.94966 0.0185775 1401.29 0 0 1410.23 1401.29 
3600 8.752 0.0196876 1221.21 0 0 1230.05 1221.21 
3800 8.55721 0.0207781 1072.41 0 0 1081.25 1072.73 
4000 8.36909 0.0218645 947.951 0 0 956.467 947.951 
4200 8.18406 0.0229354 840.576 0 0 848.765 840.576 
4400 8.00288 0.0239975 749.124 0 0 757.116 749.124 
4600 7.82356 0.0250469 670.912 0 0 678.773 670.912 
4800 7.65076 0.0260836 603.908 0 0 611.441 603.908 
5000 7.48141 0.0271086 545.711 0 0 553.244 545.711 
5200 7.31536 0.0281192 494.407 0 0 501.941 494.407 
5400 7.15496 0.0291182 449.464 0 0 456.671 449.464 
5600 6.99849 0.0301022 410.021 0 0 417.209 410.021 
5800 6.84425 0.0310718 375.588 0 0 382.467 375.588 
6000 6.69527 0.0320253 344.59 0 0 351.469 344.59 
6200 6.55109 0.0329602 317.028 0 0 323.682 317.06 
6400 6.41118 0.033875 292.183 0 0 298.608 292.215 
6600 6.27418 0.034792 270.136 0 0 276.455 270.169 
6800 6.14121 0.035687 250.199 0 0 256.381 250.231 
7000 6.01388 0.0365496 232.371 0 0 238.425 232.403 
7200 5.88646 0.0373964 216.144 0 0 222.069 216.176 
7400 5.7662 0.0382605 201.577 0 0 207.378 201.61 
7600 5.64585 0.0390749 188.23 0 0 193.914 188.263 
7800 5.53154 0.0398952 176.157 0 0 181.742 176.223 
8000 5.4178 0.0406826 165.056 0 0 170.526 165.089 
8200 5.30834 0.0414505 154.87 0 0 160.225 154.902 
8400 5.20214 0.0422183 145.417 0 0 150.658 145.449 
8600 5.0986 0.0429749 136.808 0 0 141.937 136.841 
8800 4.99741 0.0437143 128.883 0 0 133.921 128.915 
9000 4.89864 0.0444362 121.563 0 0 126.505 121.614 
9200 4.8021 0.0451643 114.809 0 0 119.677 114.874 
9400 4.71018 0.0458653 108.573 0 0 113.342 108.612 
9600 4.62091 0.046573 102.771 0 0 107.433 102.804 
9800 4.5336 0.04724 97.3995 0 0 101.957 97.4323 
10000 4.44823 0.0479216 92.4039 0 0 96.8915 92.4367 
10200 4.36634 0.0485767 87.8509 0 0 92.2729 87.8836 
10400 4.28383 0.0492631 217.567 0 0 221.919 217.631 
10600 4.20584 0.049887 207.147 0 0 211.406 207.18 
10800 4.13097 0.0505109 197.227 0 0 201.392 197.26 
11000 4.0561 0.0511348 187.781 0 0 191.882 187.814 
11200 3.97842 0.0517587 178.781 0 0 182.819 178.842 
11400 3.9085 0.0523839 170.553 0 0 174.506 170.619 
11600 3.83916 0.0529691 224.678 0 0 228.562 224.744 
11800 3.77167 0.0535526 215.595 0 0 219.425 215.661 
12000 3.70631 0.0541288 206.885 0 0 210.652 206.951 
12200 3.64329 0.054685 229.726 0 0 233.434 229.791 
12400 3.58099 0.055272 220.221 0 0 223.849 220.286 
12600 3.52072 0.0557961 211.73 0 0 215.306 211.796 
12800 3.46064 0.0563644 203.29 0 0 206.812 203.356 
13000 3.40044 0.0569033 195.385 0 0 198.835 195.432 
13200 3.34234 0.0574296 187.988 0 0 191.372 188.032 
13400 3.28706 0.0579587 180.982 0 0 184.319 181.047 
13600 3.23264 0.0584879 174.254 0 0 177.566 174.32 
13800 3.18013 0.0590004 168.027 0 0 171.274 168.093 
14000 3.12833 0.0595099 162.034 0 0 165.22 162.087 
14200 3.07724 0.0600167 156.257 0 0 159.394 156.293 
14400 3.0281 0.060508 150.875 0 0 153.966 150.935 
14600 2.97967 0.0609994 145.687 0 0 148.731 145.752 
14800 2.93221 0.0614886 140.692 0 0 143.688 140.757 
15000 2.88611 0.0619738 135.936 0 0 138.884 136.002 
15200 2.84172 0.0624539 131.322 0 0 134.23 131.388 
15400 2.79783 0.0629336 126.837 0 0 129.7 126.902 
15600 2.75525 0.0633922 122.557 0 0 125.376 122.622 
15800 2.71457 0.0638367 118.609 0 0 121.385 118.674 
16000 2.67434 0.0642889 114.754 0 0 117.488 114.819 
16200 2.63461 0.0647539 111.013 0 0 113.706 111.079 
16400 2.59542 0.0652008 107.435 0 0 110.103 107.5 
16600 2.55727 0.0656425 103.996 0 0 106.638 104.062 
16800 2.52134 0.0660792 100.82 0 0 103.422 100.886 
17000 2.48579 0.066516 97.76 0 0 100.322 97.8255 
17200 2.45046 0.0669527 94.7623 0 0 97.2845 94.8278 
17400 2.41591 0.0673696 91.9037 0 0 94.3861 91.9692 
17600 2.38232 0.0677847 89.148 0 0 91.5916 89.2135 
17800 2.3505 0.0681965 86.5837 0 0 88.9898 86.6492 
18000 2.31902 0.0685971 84.098 0 0 86.4667 84.1635 
18200 2.28776 0.0689901 81.6647 0 0 83.996 81.7302 
18400 2.25698 0.0693991 79.3269 0 0 81.6366 79.3924 
18600 2.22652 0.0698087 77.0291 0 0 79.3202 77.0964 
18800 2.19819 0.0701982 74.9398 0 0 77.2132 75.0248 
19000 2.17 0.0705833 72.8815 0 0 75.1328 72.9753 
19200 2.1422 0.0709551 70.9162 0 0 73.132 70.9923 
19400 2.11461 0.071334 68.9862 0 0 71.1667 69.0517 
19600 2.08735 0.0717235 67.1094 0 0 69.2545 67.1749 
19800 2.06113 0.0720964 65.3234 0 0 67.4409 65.3889 
20000 2.03577 0.0724557 63.6116 0 0 65.708 63.6771 
20200 2.01103 0.0728084 61.9688 0 0 64.0551 62.0444 
20400 1.98616 0.073178 60.3226 0 0 62.3921 60.415 
20600 1.96224 0.0735309 58.7671 0 0 60.8094 58.8547 
20800 1.93882 0.0738748 57.2603 0 0 59.2699 57.3315 
21000 1.91598 0.0742237 55.819 0 0 57.8067 55.8949 
21200 1.89345 0.0745752 54.4129 0 0 56.3846 54.5047 
21400 1.87152 0.0749124 53.0736 0 0 55.0296 53.1626 
21600 1.85 0.0752399 51.779 0 0 53.7194 51.8523 
21800 1.82863 0.0755675 50.5156 0 0 52.4326 50.5811 
22000 1.80741 0.075895 49.2833 0 0 51.1691 49.3489 
22200 1.78664 0.0762256 48.0869 0 0 49.9479 48.1525 
22400 1.76653 0.0765608 46.9443 0 0 48.79 47.0098 
22600 1.74661 0.0768904 45.823 0 0 47.6499 45.8885 
22800 1.72725 0.077203 44.7659 0 0 46.563 44.8314 
23000 1.70794 0.0775153 43.7122 0 0 45.4802 43.7784 
23200 1.68945 0.0778211 42.7222 0 0 44.4757 42.803 
23400 1.67096 0.0781268 41.7323 0 0 43.4712 41.8276 
23600 1.65314 0.0784272 40.8051 0 0 42.5298 40.892 
23800 1.63548 0.0787263 39.8936 0 0 41.6041 39.9663 
24000 1.61815 0.0790152 39.0128 0 0 40.7091 39.0783 
24200 1.60114 0.079294 38.1625 0 0 39.8449 38.228 
24400 1.58423 0.0795739 37.3211 0 0 38.9896 37.3886 
24600 1.56785 0.0798605 36.5295 0 0 38.1843 36.6107 
24800 1.55148 0.0801471 35.7379 0 0 37.3791 35.8327 
25000 1.5354 0.0804235 34.977 0 0 36.6045 35.0752 
25200 1.51944 0.0806965 34.2263 0 0 35.8402 34.3246 
25400 1.50378 0.0809656 33.5004 0 0 35.1004 33.5964 
25600 1.48872 0.0812277 32.8204 0 0 34.406 32.9098 
25800 1.47365 0.0814897 32.1404 0 0 33.7115 32.2233 
26000 1.45891 0.0817629 31.4871 0 0 33.0383 31.569 
26200 1.44424 0.082038 30.8385 0 0 32.3688 30.9204 
26400 1.42981 0.0823007 30.2097 0 0 31.7215 30.2921 
26600 1.41582 0.08254 29.6176 0 0 31.1155 29.7012 
26800 1.40184 0.0827794 29.0255 0 0 30.5095 29.1103 
27000 1.38814 0.0830282 28.456 0 0 29.9272 28.5412 
27200 1.37453 0.0832802 27.8942 0 0 29.3527 27.9793 
27400 1.36102 0.0835308 27.3394 0 0 28.7852 27.4246 
27600 1.34804 0.0837734 26.825 0 0 28.2575 26.9102 
27800 1.33506 0.084016 26.3106 0 0 27.7297 26.3958 
28000 1.32224 0.0842532 25.8082 0 0 27.2146 25.8934 
28200 1.30962 0.0844837 25.3205 0 0 26.7147 25.4057 
28400 1.29701 0.0847142 24.8328 0 0 26.2149 24.918 
28600 1.2849 0.0849385 24.3758 0 0 25.746 24.4609 
28800 1.27297 0.0851608 23.9289 0 0 25.2874 24.014 
29000 1.26104 0.0853831 23.482 0 0 24.8288 23.5672 
29200 1.24952 0.0855907 23.0644 0 0 24.3997 23.1496 
29400 1.23803 0.0857976 22.6484 0 0 23.9722 22.7335 
29600 1.22655 0.0860056 22.2341 0 0 23.5465 22.3193 
29800 1.21516 0.086224 21.8364 0 0 23.1379 21.9215 
30000 1.20377 0.0864424 21.4386 0 0 22.7292 21.5238 
30200 1.19259 0.0866561 21.0484 0 0 22.3266 21.1368 
30400 1.18193 0.086856 20.6798 0 0 21.948 20.7682 
30600 1.17127 0.0870559 20.3111 0 0 21.5694 20.3995 
30800 1.1607 0.0872547 19.9499 0 0 21.1982 20.0383 
31000 1.15033 0.0874513 19.6059 0 0 20.8444 19.6944 
31200 1.13995 0.0876478 19.262 0 0 20.4907 19.3504 
31400 1.12975 0.0878393 18.9265 0 0 20.1454 19.0149 
31600 1.11992 0.0880189 18.6105 0 0 19.82 18.699 
31800 1.11009 0.0881985 18.2946 0 0 19.4945 18.383 
32000 1.10031 0.0883802 17.982 0 0 19.1722 18.0705 
32200 1.09069 0.0885704 17.683 0 0 18.8627 17.7715 
32400 1.08108 0.0887606 17.384 0 0 18.5531 17.4724 
32600 1.07151 0.0889492 17.0873 0 0 18.2461 17.1758 
32800 1.0624 0.0891232 16.812 0 0 17.9625 16.9004 
33000 1.05329 0.0892972 16.5366 0 0 17.679 16.6251 
33200 1.04418 0.0894713 16.2613 0 0 17.3954 16.3497 
33400 1.03538 0.0896338 16.0024 0 0 17.1276 16.0918 
33600 1.02661 0.0897951 15.7454 0 0 16.8615 15.8358 
33800 1.01784 0.0899563 15.4884 0 0 16.5955 15.5798 
34000 1.00929 0.0901224 15.2423 0 0 16.341 15.3341 
34200 1.00085 0.0902912 15.0021 0 0 16.0929 15.0938 
34400 0.992414 0.0904599 14.7619 0 0 15.8447 14.8536 
34600 0.984098 0.0906236 14.5286 0 0 15.6032 14.6203 
34800 0.976005 0.0907777 14.3079 0 0 15.3739 14.3997 
35000 0.967913 0.0909318 14.0873 0 0 15.1446 14.179 
35200 0.95982 0.091086 13.8667 0 0 14.9153 13.9584 
35400 0.952002 0.091231 13.6562 0 0 14.6979 13.7479 
35600 0.944198 0.0913755 13.4461 0 0 14.4812 13.5378 
35800 0.936395 0.09152 13.2361 0 0 14.2644 13.3278 
36000 0.928823 0.0916662 13.0371 0 0 14.0583 13.1288 
36200 0.921442 0.0918139 12.847 0 0 13.8608 12.9387 
36400 0.91406 0.0919615 12.6569 0 0 13.6633 12.7486 
36600 0.906679 0.0921091 12.4668 0 0 13.4659 12.5585 
36800 0.899389 0.0922475 12.286 0 0 13.2777 12.3777 
37000 0.8921 0.0923859 12.1051 0 0 13.0894 12.1969 
37200 0.884811 0.0925243 11.9243 0 0 12.9012 12.016 
37400 0.877732 0.092657 11.7497 0 0 12.7197 11.8418 
37600 0.870912 0.0927826 11.5828 0 0 12.5465 11.6758 
37800 0.864092 0.0929083 11.4159 0 0 12.3733 11.5098 
38000 0.857271 0.0930339 11.2489 0 0 12.2001 11.3438 
38200 0.850666 0.0931639 11.0926 0 0 12.0369 11.1876 
38400 0.844115 0.0932949 10.9388 0 0 11.8762 11.0338 
38600 0.837564 0.0934259 10.7851 0 0 11.7155 10.8801 
38800 0.831022 0.0935565 10.6318 0 0 11.5552 10.7268 
39000 0.824645 0.0936788 10.4859 0 0 11.4032 10.5809 
39200 0.818269 0.0938011 10.34 0 0 11.2512 10.435 
39400 0.811892 0.0939234 10.1942 0 0 11.0992 10.2891 
39600 0.805634 0.0940431 10.0515 0 0 10.9505 10.1464 
39800 0.799653 0.0941571 9.91616 0 0 10.8095 10.0111 
40000 0.793671 0.094271 9.78086 0 0 10.6685 9.87585 
40200 0.787734 0.0943938 9.64984 0 0 10.5314 9.74483 
40400 0.781883 0.0945107 9.52081 0 0 10.3963 9.6158 
40600 0.776162 0.0946185 9.39476 0 0 10.2645 9.48975 
40800 0.77044 0.0947263 9.26871 0 0 10.1326 9.3637 
41000 0.764718 0.0948341 9.14266 0 0 10.0008 9.23766 
41200 0.759065 0.0949413 9.02027 0 0 9.87299 9.11527 
41400 0.753497 0.0950477 8.90235 0 0 9.75015 8.99734 
41600 0.747928 0.0951542 8.78443 0 0 9.62732 8.87942 
41800 0.74236 0.0952606 8.66651 0 0 9.50449 8.7615 
42000 0.736888 0.0953623 8.55276 0 0 9.38552 8.64775 
42200 0.731535 0.0954582 8.44411 0 0 9.27127 8.5391 
42400 0.726183 0.0955541 8.33545 0 0 9.15703 8.43045 
42600 0.72083 0.0956499 8.2268 0 0 9.04278 8.32179 
42800 0.715582 0.0957482 8.12026 0 0 8.93095 8.21553 
43000 0.710531 0.0958508 8.01766 0 0 8.8236 8.11371 
43200 0.70548 0.0959534 7.91505 0 0 8.71626 8.01189 
43400 0.700428 0.096056 7.81244 0 0 8.60892 7.91008 
43600 0.695427 0.0961564 7.71177 0 0 8.50354 7.80988 
43800 0.690628 0.0962478 7.61883 0 0 8.40604 7.71618 
44000 0.685829 0.0963392 7.5259 0 0 8.30853 7.62249 
44200 0.68103 0.0964306 7.43296 0 0 8.21102 7.52879 
44400 0.676231 0.096522 7.34003 0 0 8.11352 7.43509 
44600 0.671569 0.0966066 7.2512 0 0 8.01944 7.3462 
44800 0.666922 0.0966903 7.16284 0 0 7.92574 7.25783 
45000 0.662275 0.0967741 7.07448 0 0 7.83205 7.16947 
45200 0.657628 0.0968579 6.98611 0 0 7.73835 7.0811 
45400 0.65312 0.09694 6.90174 0 0 7.64964 6.99718 
45600 0.648703 0.097021 6.82004 0 0 7.56426 6.91621 
45800 0.644287 0.097102 6.73833 0 0 7.47887 6.83524 
46000 0.63987 0.0971829 6.65663 0 0 7.39348 6.75427 
46200 0.635483 0.0972638 6.57582 0 0 7.3089 6.67409 
46400 0.631261 0.0973438 6.50012 0 0 7.22883 6.59839 
46600 0.627039 0.0974239 6.42442 0 0 7.14876 6.52269 
46800 0.622818 0.097504 6.34872 0 0 7.06869 6.44698 
47000 0.618596 0.0975841 6.27301 0 0 6.98862 6.37128 
47200 0.614526 0.0976584 6.2007 0 0 6.91246 6.29896 
47400 0.610538 0.0977296 6.1302 0 0 6.8384 6.22847 
47600 0.606551 0.0978008 6.0597 0 0 6.76434 6.15797 
47800 0.602563 0.097872 5.98921 0 0 6.69029 6.08747 
48000 0.598583 0.0979431 5.91896 0 0 6.61645 6.01723 
48200 0.59475 0.0980128 5.85345 0 0 6.54676 5.95172 
48400 0.590917 0.0980825 5.78794 0 0 6.47706 5.88621 
48600 0.587084 0.0981522 5.72243 0 0 6.40737 5.82069 
48800 0.583251 0.0982219 5.65692 0 0 6.33768 5.75518 
49000 0.579493 0.0982911 5.59308 0 0 6.26993 5.69134 
49200 0.575876 0.0983593 5.53234 0 0 6.20578 5.63061 
49400 0.57226 0.0984276 5.47161 0 0 6.14163 5.56987 
49600 0.568643 0.0984958 5.41087 0 0 6.07749 5.50914 
49800 0.565026 0.0985641 5.35014 0 0 6.01334 5.4484 
50000 0.561433 0.0986275 5.29005 0 0 5.95172 5.38832 
50200 0.557929 0.0986885 5.23292 0 0 5.89078 5.33119 
50400 0.554425 0.0987494 5.17579 0 0 5.82983 5.27405 
50600 0.550921 0.0988103 5.11865 0 0 5.76889 5.21692 
50800 0.547417 0.0988713 5.06152 0 0 5.70795 5.15979 
51000 0.544073 0.0989308 5.0077 0 0 5.65069 5.10596 
51200 0.540797 0.0989898 4.95529 0 0 5.59501 5.05355 
51400 0.537522 0.0990487 4.90288 0 0 5.53932 5.00115 
51600 0.534246 0.0991077 4.85047 0 0 5.48364 4.94874 
51800 0.53097 0.0991667 4.79806 0 0 5.42795 4.89633 
52000 0.527808 0.0992207 4.74738 0 0 5.37447 4.8461 
52200 0.524695 0.0992726 4.69743 0 0 5.32193 4.7968 
52400 0.521582 0.0993245 4.64749 0 0 5.26939 4.74751 
52600 0.518468 0.0993764 4.59754 0 0 5.21685 4.69821 
52800 0.515355 0.0994282 4.5476 0 0 5.16431 4.64891 
53000 0.5123 0.0994792 4.50064 0 0 5.1144 4.60177 
53200 0.509276 0.0995296 4.45528 0 0 5.06589 4.55579 
53400 0.506253 0.0995799 4.40993 0 0 5.01739 4.5098 
53600 0.503229 0.0996303 4.36458 0 0 4.96889 4.46382 
53800 0.500205 0.0996807 4.31922 0 0 4.92038 4.41784 
54000 0.497251 0.0997309 4.27518 0 0 4.87321 4.37345 
54200 0.494381 0.0997808 4.23276 0 0 4.82766 4.33102 
54400 0.491511 0.0998307 4.19033 0 0 4.78212 4.2886 
54600 0.488641 0.0998807 4.1479 0 0 4.73657 4.24617 
54800 0.485771 0.0999306 4.10548 0 0 4.69103 4.20375 
55000 0.482936 0.0999803 4.06358 0 0 4.64602 4.16185 
55200 0.480242 0.100029 4.02378 0 0 4.60316 4.12205 
55400 0.477548 0.100078 3.98398 0 0 4.5603 4.08225 
55600 0.474854 0.100127 3.94419 0 0 4.51744 4.04246 
55800 0.47216 0.100176 3.90439 0 0 4.47459 4.00266 
56000 0.469466 0.100225 3.86459 0 0 4.43173 3.96286 
56200 0.466835 0.100268 3.82724 0 0 4.3924 3.92601 
56400 0.464214 0.10031 3.79031 0 0 4.35368 3.88968 
56600 0.461594 0.100351 3.75339 0 0 4.31497 3.85335 
56800 0.458973 0.100393 3.71647 0 0 4.27626 3.81703 
57000 0.456353 0.100435 3.67954 0 0 4.23755 3.7807 
57200 0.45379 0.100474 3.64367 0 0 4.19949 3.745 
57400 0.451333 0.100509 3.60974 0 0 4.16264 3.71049 
57600 0.448876 0.100544 3.57582 0 0 4.12579 3.67598 
57800 0.44642 0.100579 3.54189 0 0 4.08894 3.64147 
58000 0.443963 0.100614 3.50796 0 0 4.05209 3.60696 
58200 0.441506 0.10065 3.47404 0 0 4.01524 3.57245 
58400 0.439125 0.100689 3.44142 0 0 3.9806 3.54012 
58600 0.436769 0.100729 3.40924 0 0 3.94669 3.50851 
58800 0.434413 0.100769 3.37706 0 0 3.91279 3.47691 
59000 0.432057 0.100809 3.34488 0 0 3.87888 3.4453 
59200 0.429701 0.100849 3.3127 0 0 3.84498 3.41369 
59400 0.42735 0.100889 3.28063 0 0 3.8111 3.38216 
59600 0.425094 0.100921 3.25078 0 0 3.77781 3.35209 
59800 0.422839 0.100954 3.22092 0 0 3.74452 3.32202 
60000 0.420584 0.100986 3.19106 0 0 3.71122 3.29195 
60200 0.41832 0.101022 3.16212 0 0 3.68026 3.26313 
60400 0.416057 0.101057 3.13318 0 0 3.64929 3.2343 
60600 0.413833 0.101093 3.10456 0 0 3.6187 3.20577 
60800 0.411723 0.101126 3.07691 0 0 3.58928 3.17812 
61000 0.409613 0.101159 3.04926 0 0 3.55985 3.15047 
61200 0.407504 0.101192 3.02161 0 0 3.53043 3.12283 
61400 0.405394 0.101226 2.99396 0 0 3.501 3.09518 
61600 0.403284 0.101259 2.96631 0 0 3.47158 3.06753 
61800 0.401193 0.10129 2.9394 0 0 3.44279 3.04062 
62000 0.399135 0.101317 2.91384 0 0 3.41518 3.01506 
62200 0.397078 0.101344 2.88829 0 0 3.38757 2.98951 
62400 0.395021 0.101371 2.86273 0 0 3.35995 2.96395 
62600 0.392963 0.101398 2.83718 0 0 3.33234 2.93839 
62800 0.390906 0.101426 2.81162 0 0 3.30473 2.91284 
63000 0.38889 0.101452 2.78658 0 0 3.27763 2.88781 
63200 0.386973 0.101479 2.76272 0 0 3.25175 2.864 
63400 0.385056 0.101506 2.73886 0 0 3.22586 2.84019 
63600 0.383138 0.101532 2.71499 0 0 3.19998 2.81639 
63800 0.381221 0.101559 2.69113 0 0 3.17409 2.79258 
64000 0.379303 0.101586 2.66727 0 0 3.14821 2.76877 
64200 0.377391 0.101612 2.64366 0 0 3.1226 2.74521 
64400 0.375504 0.101638 2.62144 0 0 3.09854 2.72304 
64600 0.373617 0.101665 2.59921 0 0 3.07449 2.70087 
64800 0.37173 0.101691 2.57699 0 0 3.05043 2.6787 
65000 0.369844 0.101717 2.55477 0 0 3.02638 2.65653 
65200 0.367957 0.101743 2.53255 0 0 3.00232 2.63436 
65400 0.36607 0.101769 2.51033 0 0 2.97826 2.61219 
65600 0.364315 0.10179 2.48959 0 0 2.95582 2.59151 
65800 0.362575 0.101811 2.46901 0 0 2.93356 2.57098 
66000 0.360835 0.101831 2.44844 0 0 2.91129 2.55046 
66200 0.359095 0.101852 2.42787 0 0 2.88903 2.52994 
66400 0.357355 0.101872 2.40729 0 0 2.86677 2.50941 
66600 0.355615 0.101893 2.38672 0 0 2.8445 2.48889 
66800 0.353919 0.101913 2.36693 0 0 2.82302 2.4691 
67000 0.352269 0.101933 2.34792 0 0 2.80232 2.45005 
67200 0.350619 0.101953 2.32892 0 0 2.78161 2.43099 
67400 0.348969 0.101973 2.30992 0 0 2.76091 2.41194 
67600 0.347318 0.101993 2.29091 0 0 2.7402 2.39289 
67800 0.345668 0.102013 2.27191 0 0 2.7195 2.37383 
68000 0.344018 0.102033 2.25291 0 0 2.6988 2.35478 
68200 0.342391 0.102053 2.23506 0 0 2.67937 2.33698 
68400 0.340766 0.102073 2.21728 0 0 2.66001 2.31925 
68600 0.33914 0.102092 2.1995 0 0 2.64066 2.30152 
68800 0.337515 0.102112 2.18172 0 0 2.6213 2.28378 
69000 0.335889 0.102132 2.16394 0 0 2.60194 2.26605 
69200 0.334264 0.102151 2.14616 0 0 2.58258 2.24832 
69400 0.332712 0.102165 2.12864 0 0 2.56355 2.23084 
69600 0.331291 0.102171 10.7717 0 0 11.2037 10.8732 
69800 0.329771 0.102188 10.6908 0 0 11.1217 10.7924 
70000 0.32825 0.102205 10.61 0 0 11.0397 10.7116 
70200 0.32673 0.102222 10.5292 0 0 10.9578 10.6307 
70400 0.325209 0.102239 10.4484 0 0 10.8758 10.5499 
70600 0.323689 0.102256 10.3675 0 0 10.7939 10.4691 
70800 0.322213 0.102269 10.2896 0 0 10.7147 10.3914 
71000 0.320775 0.102278 10.2142 0 0 10.6378 10.3164 
71200 0.319336 0.102288 10.1387 0 0 10.5609 10.2414 
71400 0.317898 0.102297 10.0632 0 0 10.484 10.1664 
71600 0.31646 0.102307 9.98772 0 0 10.4071 10.0914 
71800 0.315021 0.102316 9.91224 0 0 10.3302 10.0164 
72000 0.313583 0.102326 9.83676 0 0 10.2533 9.94141 
72200 0.312188 0.102338 9.76504 0 0 10.1801 9.86956 
72400 0.310818 0.102352 9.69535 0 0 10.109 9.7994 
72600 0.309447 0.102366 9.62566 0 0 10.038 9.72924 
72800 0.308077 0.10238 9.55596 0 0 9.96687 9.65909 
73000 0.306706 0.102394 9.48627 0 0 9.89579 9.58893 
73200 0.305335 0.102408 9.41658 0 0 9.8247 9.51877 
73400 0.303965 0.102422 9.34688 0 0 9.75361 9.44861 
73600 0.302636 0.10243 9.27997 0 0 9.68532 9.38179 
73800 0.301335 0.102434 9.21492 0 0 9.6189 9.31719 
74000 0.300033 0.102439 9.14986 0 0 9.55248 9.25258 
74200 0.298732 0.102444 9.0848 0 0 9.48606 9.18798 
74400 0.297431 0.102448 9.01975 0 0 9.41964 9.12338 
74600 0.29613 0.102453 8.95469 0 0 9.35322 9.05878 
74800 0.294829 0.102457 8.88963 0 0 9.2868 8.99418 
75000 0.293549 0.102464 8.82637 0 0 9.22217 8.93101 
75200 0.292302 0.102472 8.76579 0 0 9.16025 8.86998 
75400 0.291054 0.102481 8.70522 0 0 9.09833 8.80896 
75600 0.289807 0.10249 8.64464 0 0 9.03641 8.74793 
75800 0.28856 0.102499 8.58407 0 0 8.97449 8.68691 
76000 0.287312 0.102508 8.52349 0 0 8.91257 8.62589 
76200 0.286065 0.102517 8.46291 0 0 8.85064 8.56486 
76400 0.284824 0.102526 8.40281 0 0 8.78919 8.50435 
76600 0.283645 0.10253 8.3469 0 0 8.73198 8.44845 
76800 0.282466 0.102535 8.291 0 0 8.67477 8.39254 
77000 0.281287 0.102539 8.2351 0 0 8.61755 8.33664 
77200 0.280107 0.102543 8.17919 0 0 8.56034 8.28074 
77400 0.278928 0.102548 8.12329 0 0 8.50313 8.22483 
77600 0.277749 0.102552 8.06739 0 0 8.44591 8.16893 
77800 0.27657 0.102556 8.01148 0 0 8.3887 8.11303 
78000 0.275418 0.102561 7.95757 0 0 8.33375 8.05937 
78200 0.274284 0.102565 7.90499 0 0 8.2803 8.00723 
78400 0.273151 0.102569 7.85241 0 0 8.22686 7.95507 
78600 0.272017 0.102574 7.79983 0 0 8.17342 7.90292 
78800 0.270884 0.102578 7.74725 0 0 8.11997 7.85077 
79000 0.26975 0.102582 7.69467 0 0 8.06653 7.79862 
79200 0.268617 0.102587 7.64209 0 0 8.01309 7.74647 
79400 0.267483 0.102591 7.5895 0 0 7.95964 7.69432 
79600 0.266391 0.102591 7.54037 0 0 7.90942 7.6441 
79800 0.2653 0.102591 7.49124 0 0 7.85919 7.59387 
80000 0.264208 0.102591 7.4421 0 0 7.80897 7.54365 
80200 0.263132 0.102591 7.39383 0 0 7.76001 7.49606 
80400 0.262056 0.102591 7.34556 0 0 7.71104 7.44848 
80600 0.26098 0.102591 7.29729 0 0 7.66208 7.4009 
80800 0.259905 0.102591 7.24902 0 0 7.61312 7.35332 
81000 0.258841 0.102591 7.20158 0 0 7.56486 7.3064 
81200 0.257815 0.102591 7.15667 0 0 7.51872 7.26149 
81400 0.25679 0.102591 7.11176 0 0 7.47257 7.21658 
81600 0.255764 0.102591 7.06685 0 0 7.42642 7.17167 
81800 0.254738 0.102591 7.02194 0 0 7.38028 7.12676 
82000 0.253712 0.102591 6.97703 0 0 7.33413 7.08185 
82200 0.252686 0.102591 6.93212 0 0 7.28799 7.03694 
82400 0.25166 0.102591 6.88721 0 0 7.24184 6.99203 
82600 0.250646 0.102591 6.8432 0 0 7.1966 6.9479 
82800 0.249662 0.102591 6.80129 0 0 7.15347 6.90558 
83000 0.248677 0.102591 6.75938 0 0 7.11033 6.86326 
83200 0.247692 0.102591 6.71747 0 0 7.0672 6.82094 
83400 0.246707 0.102591 6.67556 0 0 7.02407 6.77863 
83600 0.245723 0.102591 6.63365 0 0 6.98094 6.73631 
83800 0.244738 0.102591 6.59174 0 0 6.93781 6.69399 
84000 0.243753 0.102591 6.54982 0 0 6.89467 6.65167 
84200 0.242782 0.102591 6.50866 0 0 6.8524 6.61021 
84400 0.241848 0.102591 6.46975 0 0 6.8127 6.5713 
84600 0.240915 0.102591 6.43084 0 0 6.77299 6.53239 
84800 0.239982 0.102591 6.39193 0 0 6.73329 6.49348 
85000 0.239049 0.102591 6.35302 0 0 6.69358 6.45457 
85200 0.238116 0.102591 6.31411 0 0 6.65388 6.41566 
85400 0.237183 0.102591 6.2752 0 0 6.61418 6.37675 
85600 0.23625 0.102591 6.23629 0 0 6.57447 6.33784 
85800 0.235317 0.102591 6.19738 0 0 6.53477 6.29893 
86000 0.234419 0.102587 6.1609 0 0 6.4975 6.26244 
86200 0.233521 0.102583 6.12442 0 0 6.46023 6.22596 
86400 0.232622 0.102579 6.08794 0 0 6.42297 6.18948 
86600 0.231724 0.102575 6.05146 0 0 6.3857 6.153 
86800 0.230826 0.102571 6.01497 0 0 6.34843 6.11652 
87000 0.229927 0.102567 5.97849 0 0 6.31117 6.08003 
87200 0.229029 0.102563 5.94201 0 0 6.2739 6.04355 
87400 0.228131 0.10256 5.90553 0 0 6.23663 6.00707 
87600 0.227261 0.102553 5.87059 0 0 6.20093 5.97214 
87800 0.226406 0.102546 5.8365 0 0 6.16607 5.93804 
88000 0.225552 0.102538 5.8024 0 0 6.1312 5.90394 
88200 0.224698 0.10253 5.7683 0 0 6.09634 5.86985 
88400 0.223843 0.102523 5.73421 0 0 6.06148 5.83575 
88600 0.222989 0.102515 5.70011 0 0 6.02661 5.80165 
88800 0.222135 0.102507 5.66601 0 0 5.99175 5.76756 
89000 0.22128 0.1025 5.63192 0 0 5.95689 5.73346 
89200 0.220431 0.102492 5.59809 0 0 5.92226 5.69963 
89400 0.219622 0.102489 5.56664 0 0 5.88969 5.66818 
89600 0.218814 0.102485 5.53519 0 0 5.85712 5.63674 
89800 0.218005 0.102481 5.50375 0 0 5.82455 5.60529 
90000 0.217196 0.102477 5.4723 0 0 5.79198 5.57385 
90200 0.216388 0.102474 5.44086 0 0 5.75941 5.5424 
90400 0.215579 0.10247 5.40941 0 0 5.72684 5.51096 
90600 0.214771 0.102466 5.37797 0 0 5.69428 5.47951 
90800 0.213962 0.102462 5.34652 0 0 5.66171 5.44806 
91000 0.213166 0.102457 5.31578 0 0 5.62997 5.41732 
91200 0.212393 0.10245 5.28633 0 0 5.59979 5.38788 
91400 0.21162 0.102443 5.25689 0 0 5.56962 5.35843 
91600 0.210847 0.102435 5.22745 0 0 5.53944 5.32899 
91800 0.210074 0.102428 5.198 0 0 5.50926 5.29955 
92000 0.209301 0.102421 5.16856 0 0 5.47908 5.2701 
92200 0.208529 0.102413 5.13912 0 0 5.4489 5.24066 
92400 0.207756 0.102406 5.10967 0 0 5.41872 5.21122 
92600 0.206983 0.102398 5.08023 0 0 5.38854 5.18177 
92800 0.206224 0.102391 5.05166 0 0 5.35924 5.1532 
93000 0.205482 0.102384 5.02415 0 0 5.331 5.12569 
93200 0.20474 0.102377 4.99664 0 0 5.30277 5.09819 
93400 0.203998 0.102369 4.96913 0 0 5.27454 5.07068 
93600 0.203256 0.102362 4.94163 0 0 5.24631 5.04317 
93800 0.202514 0.102355 4.91412 0 0 5.21808 5.01566 
94000 0.201772 0.102348 4.88661 0 0 5.18985 4.98815 
94200 0.20103 0.10234 4.85911 0 0 5.16162 4.96065 
94400 0.200288 0.102333 4.8316 0 0 5.13338 4.93314 
94600 0.199562 0.102325 4.80475 0 0 5.10596 4.90644 
94800 0.198861 0.102314 4.7789 0 0 5.07976 4.88094 
95000 0.19816 0.102303 4.75305 0 0 5.05355 4.85544 
95200 0.197459 0.102293 4.7272 0 0 5.02735 4.82995 
95400 0.196758 0.102282 4.70135 0 0 5.00115 4.80445 
95600 0.196057 0.102272 4.6755 0 0 4.97494 4.77895 
95800 0.195355 0.102261 4.64965 0 0 4.94874 4.75346 
96000 0.194654 0.10225 4.6238 0 0 4.92253 4.72796 
96200 0.193953 0.10224 4.59795 0 0 4.89633 4.70247 
96400 0.193257 0.102229 4.57237 0 0 4.87029 4.67713 
96600 0.192588 0.102219 4.54833 0 0 4.8452 4.65274 
96800 0.191919 0.102208 4.52428 0 0 4.82011 4.62835 
97000 0.19125 0.102198 4.50024 0 0 4.79502 4.60396 
97200 0.190581 0.102187 4.47619 0 0 4.76993 4.57957 
97400 0.189911 0.102177 4.45215 0 0 4.74484 4.55517 
97600 0.189242 0.102166 4.4281 0 0 4.71975 4.53078 
97800 0.188573 0.102156 4.40406 0 0 4.69466 4.50639 
98000 0.187904 0.102145 4.38002 0 0 4.66957 4.48199 
98200 0.187235 0.102135 4.35597 0 0 4.64448 4.4576 
98400 0.186588 0.102124 4.33312 0 0 4.62109 4.43466 
98600 0.185948 0.102113 4.31065 0 0 4.59825 4.4122 
98800 0.185308 0.102101 4.28819 0 0 4.57541 4.38974 
99000 0.184667 0.10209 4.26573 0 0 4.55258 4.36728 
99200 0.184027 0.102079 4.24327 0 0 4.52974 4.34481 
99400 0.183387 0.102068 4.22081 0 0 4.50691 4.32235 
99600 0.182747 0.102057 4.19835 0 0 4.48407 4.29989 
99800 0.182107 0.102045 4.17589 0 0 4.46124 4.27743 
100000 0.181467 0.102034 4.15343 0 0 4.4384 4.25497 
100200 0.180943 0.102034 4.13377 0 0 4.41875 4.23532 
100400 0.180315 0.10202 4.1124 0 0 4.39634 4.21394 
100600 0.179688 0.102007 4.09102 0 0 4.37392 4.19256 
100800 0.17906 0.101993 4.06964 0 0 4.35151 4.17118 
101000 0.178433 0.101979 4.04826 0 0 4.3291 4.14981 
101200 0.177805 0.101965 4.02689 0 0 4.30669 4.12843 
101400 0.177177 0.101951 4.00551 0 0 4.28428 4.10705 
101600 0.17655 0.101938 3.98413 0 0 4.26187 4.08568 
101800 0.175922 0.101924 3.96275 0 0 4.23945 4.0643 
102000 0.175295 0.10191 3.94138 0 0 4.21704 4.04292 
102200 0.174693 0.101897 3.92086 0 0 4.19568 4.0224 
102400 0.174116 0.101883 3.90121 0 0 4.17537 4.00275 
102600 0.17354 0.10187 3.88155 0 0 4.15506 3.9831 
102800 0.172963 0.101857 3.8619 0 0 4.13476 3.96344 
103000 0.172387 0.101844 3.84225 0 0 4.11445 3.94379 
103200 0.17181 0.101831 3.82259 0 0 4.09414 3.92414 
103400 0.171234 0.101818 3.80294 0 0 4.07383 3.90448 
103600 0.170657 0.101805 3.78329 0 0 4.05352 3.88483 
103800 0.170081 0.101792 3.76363 0 0 4.03321 3.86518 
104000 0.169504 0.101779 3.74398 0 0 4.0129 3.84552 
104200 0.168951 0.101766 3.72526 0 0 3.9937 3.82681 
104400 0.168421 0.101753 3.70748 0 0 3.97561 3.80902 
104600 0.16789 0.101741 3.6897 0 0 3.95752 3.79124 
104800 0.16736 0.101728 3.67192 0 0 3.93942 3.77346 
105000 0.16683 0.101716 3.65414 0 0 3.92133 3.75568 
105200 0.166299 0.101703 3.63635 0 0 3.90324 3.7379 
105400 0.165769 0.101691 3.61857 0 0 3.88514 3.72012 
105600 0.165239 0.101678 3.60079 0 0 3.86705 3.70233 
105800 0.164708 0.101666 3.58301 0 0 3.84896 3.68455 
106000 0.164178 0.101654 3.56523 0 0 3.83086 3.66677 
106200 0.163648 0.101641 3.54745 0 0 3.81277 3.64899 
106400 0.163104 0.101625 3.52943 0 0 3.79442 3.63097 
106600 0.16256 0.101608 3.51142 0 0 3.77608 3.61296 
106800 0.162016 0.101592 3.4934 0 0 3.75774 3.59494 
107000 0.161473 0.101576 3.47538 0 0 3.73939 3.57693 
107200 0.160929 0.101559 3.45737 0 0 3.72105 3.55891 
107400 0.160385 0.101543 3.43935 0 0 3.70271 3.54089 
107600 0.159841 0.101526 3.42134 0 0 3.68437 3.52288 
107800 0.159298 0.10151 3.40332 0 0 3.66602 3.50486 
108000 0.158754 0.101494 3.3853 0 0 3.64768 3.48685 
108200 0.15821 0.101477 3.36729 0 0 3.62933 3.46883 
108400 0.157734 0.101462 3.35195 0 0 3.61326 3.45335 
108600 0.157257 0.101447 3.33662 0 0 3.59717 3.43786 
108800 0.156781 0.101433 3.32128 0 0 3.58109 3.42238 
109000 0.156304 0.101418 3.30595 0 0 3.56501 3.40689 
109200 0.155828 0.101403 3.29061 0 0 3.54893 3.39141 
109400 0.155352 0.101388 3.27528 0 0 3.53285 3.37592 
109600 0.154875 0.101373 3.25994 0 0 3.51677 3.36044 
109800 0.154399 0.101358 3.2446 0 0 3.50069 3.34496 
110000 0.153922 0.101343 3.22927 0 0 3.48461 3.32947 
110200 0.153446 0.101328 3.21393 0 0 3.46853 3.31399 
110400 0.152969 0.101313 3.1986 0 0 3.45246 3.2985 
110600 0.152483 0.101298 3.18322 0 0 3.43654 3.28325 
110800 0.151996 0.101282 3.16784 0 0 3.42063 3.26799 
111000 0.151509 0.101267 3.15246 0 0 3.40472 3.25274 
111200 0.151023 0.101251 3.13708 0 0 3.38881 3.23748 
111400 0.150536 0.101235 3.1217 0 0 3.3729 3.22223 
111600 0.150049 0.10122 3.10632 0 0 3.35699 3.20697 
111800 0.149563 0.101204 3.09094 0 0 3.34108 3.19172 
112000 0.149076 0.101189 3.07556 0 0 3.32517 3.17646 
112200 0.148589 0.101173 3.06018 0 0 3.30926 3.16121 
112400 0.148103 0.101158 3.0448 0 0 3.29335 3.14595 
112600 0.147636 0.101141 3.03013 0 0 3.27822 3.13134 
112800 0.147189 0.101123 3.01616 0 0 3.26387 3.11738 
113000 0.146743 0.101105 3.0022 0 0 3.24952 3.10341 
113200 0.146296 0.101087 2.98823 0 0 3.23516 3.08945 
113400 0.145849 0.101069 2.97427 0 0 3.22081 3.07548 
113600 0.145403 0.101051 2.9603 0 0 3.20646 3.06151 
113800 0.144956 0.101034 2.94633 0 0 3.19211 3.04755 
114000 0.144509 0.101016 2.93237 0 0 3.17775 3.03358 
114200 0.144063 0.100998 2.9184 0 0 3.1634 3.01962 
114400 0.143616 0.10098 2.90444 0 0 3.14905 3.00565 
114600 0.143169 0.100962 2.89047 0 0 3.13469 2.99169 
114800 0.142738 0.100945 2.87714 0 0 3.12095 2.97834 
115000 0.142322 0.100928 2.86443 0 0 3.10782 2.9656 
115200 0.141906 0.10091 2.85173 0 0 3.09469 2.95287 
115400 0.141491 0.100893 2.83902 0 0 3.08156 2.94014 
115600 0.141075 0.100876 2.82632 0 0 3.06843 2.92741 
115800 0.140659 0.100859 2.81362 0 0 3.0553 2.91468 
116000 0.140243 0.100842 2.80091 0 0 3.04217 2.90194 
116200 0.139827 0.100825 2.78821 0 0 3.02904 2.88921 
116400 0.139411 0.100808 2.77551 0 0 3.01591 2.87648 
116600 0.138995 0.100791 2.7628 0 0 3.00277 2.86375 
116800 0.13858 0.100774 2.7501 0 0 2.98964 2.85102 
117000 0.138164 0.100757 2.7374 0 0 2.97651 2.83828 
117200 0.137741 0.100739 2.72477 0 0 2.96344 2.82563 
117400 0.137318 0.100721 2.71214 0 0 2.95037 2.81297 
117600 0.136895 0.100703 2.69952 0 0 2.9373 2.80032 
117800 0.136472 0.100685 2.68689 0 0 2.92422 2.78766 
118000 0.136049 0.100667 2.67427 0 0 2.91115 2.77501 
118200 0.135627 0.100649 2.66164 0 0 2.89808 2.76235 
118400 0.135204 0.100632 2.64902 0 0 2.88501 2.7497 
118600 0.134781 0.100614 2.63639 0 0 2.87193 2.73704 
118800 0.134358 0.100596 2.62376 0 0 2.85886 2.72438 
119000 0.133935 0.100578 2.61114 0 0 2.84579 2.71173 
119200 0.133512 0.10056 2.59851 0 0 2.83272 2.69907 
119400 0.133138 0.100541 2.58751 0 0 2.82131 2.68804 
119600 0.132764 0.100522 2.57651 0 0 2.8099 2.67702 
119800 0.13239 0.100503 2.56551 0 0 2.79849 2.66599 
120000 0.132017 0.100484 2.55451 0 0 2.78708 2.65496 
120200 0.131643 0.100465 2.54351 0 0 2.77567 2.64393 
120400 0.131269 0.100445 2.53251 0 0 2.76426 2.63291 
120600 0.130895 0.100426 2.52151 0 0 2.75285 2.62188 
120800 0.130521 0.100407 2.51051 0 0 2.74144 2.61085 
121000 0.130147 0.100388 2.49951 0 0 2.73003 2.59982 
121200 0.129773 0.100369 2.48851 0 0 2.71862 2.58879 
121400 0.129399 0.10035 2.47751 0 0 2.70721 2.57777 
121600 0.129025 0.100331 2.46651 0 0 2.6958 2.56674 
121800 0.128665 0.100312 2.45602 0 0 2.68493 2.55626 
122000 0.128304 0.100293 2.44554 0 0 2.67407 2.54578 
122200 0.127944 0.100273 2.43506 0 0 2.6632 2.53529 
122400 0.127584 0.100254 2.42458 0 0 2.65234 2.52481 
122600 0.127223 0.100235 2.4141 0 0 2.64148 2.51433 
122800 0.126863 0.100216 2.40362 0 0 2.63061 2.50385 
123000 0.126503 0.100197 2.39313 0 0 2.61975 2.49337 
123200 0.126142 0.100178 2.38265 0 0 2.60888 2.48288 
123400 0.125782 0.100159 2.37217 0 0 2.59802 2.4724 
123600 0.125422 0.10014 2.36169 0 0 2.58716 2.46192 
123800 0.125061 0.100121 2.35121 0 0 2.57629 2.45144 
124000 0.124701 0.100102 2.34072 0 0 2.56543 2.44096 
124200 0.124349 0.100082 2.33079 0 0 2.55511 2.43099 
124400 0.123997 0.100063 2.32085 0 0 2.54479 2.42103 
124600 0.123645 0.100044 2.31092 0 0 2.53447 2.41107 
124800 0.123293 0.100025 2.30098 0 0 2.52416 2.4011 
125000 0.12294 0.100006 2.29104 0 0 2.51384 2.39114 
125200 0.122588 0.0999869 2.28111 0 0 2.50352 2.38118 
125400 0.122236 0.0999678 2.27117 0 0 2.4932 2.37121 
125600 0.121884 0.0999487 2.26124 0 0 2.48288 2.36125 
125800 0.121532 0.0999295 2.2513 0 0 2.47257 2.35129 
126000 0.12118 0.0999104 2.24137 0 0 2.46225 2.34133 
126200 0.120828 0.0998913 2.23143 0 0 2.45193 2.33136 
126400 0.120476 0.0998722 2.22149 0 0 2.44161 2.3214 
126600 0.120137 0.0998504 2.21202 0 0 2.43181 2.3119 
126800 0.119799 0.0998286 2.20255 0 0 2.42201 2.3024 
127000 0.11946 0.0998067 2.19308 0 0 2.41221 2.2929 
127200 0.119122 0.0997849 2.18361 0 0 2.40242 2.2834 
127400 0.118783 0.099763 2.17413 0 0 2.39262 2.2739 
127600 0.118445 0.0997412 2.16466 0 0 2.38282 2.2644 
127800 0.118106 0.0997194 2.15519 0 0 2.37302 2.2549 
128000 0.117768 0.0996975 2.14572 0 0 2.36322 2.24541 
128200 0.117429 0.0996757 2.13625 0 0 2.35342 2.23591 
128400 0.117091 0.0996539 2.12677 0 0 2.34362 2.22641 
128600 0.116752 0.099632 2.1173 0 0 2.33382 2.21691 
128800 0.116414 0.0996102 2.10783 0 0 2.32402 2.20741 
129000 0.116112 0.0995925 2.09954 0 0 2.3154 2.19912 
129200 0.115809 0.0995749 2.09125 0 0 2.30678 2.19083 
129400 0.115507 0.0995573 2.08296 0 0 2.29817 2.18254 
129600 0.115204 0.0995396 2.07467 0 0 2.28955 2.17425 
129800 0.114902 0.099522 2.06638 0 0 2.28093 2.16596 
130000 0.1146 0.0995044 2.05809 0 0 2.27232 2.15767 
130200 0.114297 0.0994867 2.0498 0 0 2.2637 2.14938 
130400 0.113995 0.0994691 2.04151 0 0 2.25508 2.14109 
130600 0.113693 0.0994514 2.03322 0 0 2.24646 2.1328 
130800 0.11339 0.0994338 2.02493 0 0 2.23785 2.12451 
131000 0.113088 0.0994162 2.01664 0 0 2.22923 2.11622 
131200 0.112786 0.0993985 2.00835 0 0 2.22061 2.10793 
131400 0.112483 0.0993809 2.00006 0 0 2.21199 2.09964 
131600 0.112179 0.0993599 1.99189 0 0 2.20348 2.09144 
131800 0.111875 0.099339 1.98371 0 0 2.19496 2.08324 
132000 0.111571 0.099318 1.97554 0 0 2.18645 2.07504 
132200 0.111267 0.099297 1.96736 0 0 2.17793 2.06683 
132400 0.110963 0.0992761 1.95919 0 0 2.16941 2.05863 
132600 0.110659 0.0992551 1.95101 0 0 2.1609 2.05043 
132800 0.110355 0.0992341 1.94283 0 0 2.15238 2.04223 
133000 0.110051 0.0992132 1.93466 0 0 2.14386 2.03403 
133200 0.109747 0.0991922 1.92648 0 0 2.13535 2.02582 
133400 0.109443 0.0991713 1.91831 0 0 2.12683 2.01762 
133600 0.109139 0.0991503 1.91013 0 0 2.11831 2.00942 
133800 0.108836 0.0991293 1.90196 0 0 2.1098 2.00122 
134000 0.108546 0.0991079 1.89426 0 0 2.1018 1.9935 
134200 0.108272 0.0990861 1.88706 0 0 2.09433 1.98627 
134400 0.107998 0.0990643 1.87985 0 0 2.08686 1.97904 
134600 0.107724 0.0990424 1.87265 0 0 2.07938 1.97181 
134800 0.10745 0.0990206 1.86544 0 0 2.07191 1.96458 
135000 0.107176 0.0989987 1.85823 0 0 2.06444 1.95735 
135200 0.106901 0.0989769 1.85103 0 0 2.05696 1.95012 
135400 0.106627 0.0989551 1.84382 0 0 2.04949 1.94289 
135600 0.106353 0.0989332 1.83661 0 0 2.04202 1.93566 
135800 0.106079 0.0989114 1.82941 0 0 2.03454 1.92843 
136000 0.105805 0.0988896 1.8222 0 0 2.02707 1.9212 
136200 0.10553 0.0988677 1.815 0 0 2.0196 1.91397 
136400 0.105256 0.0988459 1.80779 0 0 2.01212 1.90674 
136600 0.104982 0.098824 1.80058 0 0 2.00465 1.89951 
136800 0.104707 0.0988039 1.7935 0 0 1.99724 1.8924 
137000 0.104433 0.0987837 1.78642 0 0 1.98984 1.88529 
137200 0.104158 0.0987636 1.77934 0 0 1.98243 1.87819 
137400 0.103884 0.0987434 1.77226 0 0 1.97502 1.87108 
137600 0.103609 0.0987233 1.76518 0 0 1.96761 1.86398 
137800 0.103334 0.0987031 1.7581 0 0 1.9602 1.85687 
138000 0.10306 0.0986829 1.75102 0 0 1.9528 1.84977 
138200 0.102785 0.0986628 1.74394 0 0 1.94539 1.84266 
138400 0.10251 0.0986426 1.73686 0 0 1.93798 1.83556 
138600 0.102236 0.0986225 1.72978 0 0 1.93057 1.82845 
138800 0.101961 0.0986023 1.7227 0 0 1.92316 1.82134 
139000 0.101686 0.0985822 1.71562 0 0 1.91576 1.81424 
139200 0.101412 0.098562 1.70854 0 0 1.90835 1.80713 
139400 0.101157 0.0985402 1.70204 0 0 1.90158 1.80061 
139600 0.100902 0.0985183 1.69553 0 0 1.89481 1.79408 
139800 0.100647 0.0984965 1.68903 0 0 1.88804 1.78755 
140000 0.100393 0.0984747 1.68253 0 0 1.88127 1.78103 
140200 0.100138 0.0984528 1.67603 0 0 1.8745 1.7745 
140400 0.0998831 0.098431 1.66952 0 0 1.86773 1.76797 
140600 0.0996284 0.0984091 1.66302 0 0 1.86096 1.76145 
140800 0.0993736 0.0983873 1.65652 0 0 1.85419 1.75492 
141000 0.0991188 0.0983655 1.65002 0 0 1.84742 1.74839 
141200 0.0988641 0.0983436 1.64351 0 0 1.84065 1.74186 
141400 0.0986093 0.0983218 1.63701 0 0 1.83388 1.73534 
141600 0.0983545 0.0983 1.63051 0 0 1.82711 1.72881 
141800 0.0980998 0.0982781 1.624 0 0 1.82035 1.72228 
142000 0.0978531 0.0982567 1.61779 0 0 1.81387 1.71605 
142200 0.0976144 0.0982356 1.61187 0 0 1.8077 1.71011 
142400 0.0973758 0.0982146 1.60596 0 0 1.80152 1.70416 
142600 0.0971371 0.0981935 1.60004 0 0 1.79534 1.69822 
142800 0.0968985 0.0981724 1.59412 0 0 1.78916 1.69228 
143000 0.0966598 0.0981514 1.5882 0 0 1.78299 1.68634 
143200 0.0964212 0.0981303 1.58228 0 0 1.77681 1.68039 
143400 0.0961825 0.0981093 1.57636 0 0 1.77063 1.67445 
143600 0.0959439 0.0980882 1.57044 0 0 1.76446 1.66851 
143800 0.0957052 0.0980672 1.56452 0 0 1.75828 1.66256 
144000 0.0954666 0.0980461 1.5586 0 0 1.7521 1.65662 
144200 0.0952279 0.098025 1.55268 0 0 1.74593 1.65068 
144400 0.0949893 0.098004 1.54676 0 0 1.73975 1.64474 
144600 0.0947506 0.0979829 1.54084 0 0 1.73357 1.63879 
144800 0.0945167 0.0979607 1.53506 0 0 1.72754 1.63299 
145000 0.0942874 0.0979373 1.52942 0 0 1.72164 1.62733 
145200 0.0940581 0.0979139 1.52378 0 0 1.71575 1.62167 
145400 0.0938288 0.0978905 1.51815 0 0 1.70985 1.616 
145600 0.0935995 0.0978671 1.51251 0 0 1.70395 1.61034 
145800 0.0933702 0.0978437 1.50687 0 0 1.69806 1.60468 
146000 0.0931409 0.0978203 1.50123 0 0 1.69216 1.59902 
146200 0.0929116 0.0977969 1.49559 0 0 1.68627 1.59336 
146400 0.0926823 0.0977735 1.48995 0 0 1.68037 1.58769 
146600 0.0924531 0.0977501 1.48431 0 0 1.67447 1.58203 
146800 0.0922238 0.0977267 1.47868 0 0 1.66858 1.57637 
147000 0.0919945 0.0977033 1.47304 0 0 1.66268 1.57071 
147200 0.0917652 0.0976799 1.4674 0 0 1.65678 1.56505 
147400 0.0915359 0.0976565 1.46176 0 0 1.65089 1.55938 
147600 0.0913151 0.0976344 1.45639 0 0 1.64527 1.55398 
147800 0.0911029 0.0976134 1.45128 0 0 1.63992 1.54885 
148000 0.0908906 0.0975924 1.44617 0 0 1.63458 1.54371 
148200 0.0906783 0.0975715 1.44106 0 0 1.62923 1.53858 
148400 0.0904661 0.0975505 1.43595 0 0 1.62389 1.53344 
148600 0.0902538 0.0975295 1.43084 0 0 1.61854 1.5283 
148800 0.0900416 0.0975086 1.42573 0 0 1.61319 1.52317 
149000 0.0898293 0.0974876 1.42062 0 0 1.60785 1.51803 
149200 0.0896171 0.0974666 1.41551 0 0 1.6025 1.5129 
149400 0.0894048 0.0974457 1.4104 0 0 1.59716 1.50776 
149600 0.0891926 0.0974247 1.40529 0 0 1.59181 1.50262 
149800 0.0889803 0.0974038 1.40018 0 0 1.58647 1.49749 
150000 0.088768 0.0973828 1.39507 0 0 1.58112 1.49235 
150200 0.0885387 0.0973664 1.38966 0 0 1.57555 1.48695 
150400 0.0883095 0.09735 1.38426 0 0 1.56998 1.48154 
150600 0.0881086 0.0973282 1.37952 0 0 1.56503 1.47678 
150800 0.0879076 0.0973064 1.37478 0 0 1.56007 1.47202 
151000 0.0877067 0.0972845 1.37004 0 0 1.55511 1.46726 
151200 0.0875058 0.0972627 1.3653 0 0 1.55015 1.4625 
151400 0.0873049 0.0972409 1.36056 0 0 1.5452 1.45774 
151600 0.087104 0.097219 1.35583 0 0 1.54024 1.45298 
151800 0.0869031 0.0971972 1.35109 0 0 1.53528 1.44822 
152000 0.0867022 0.0971753 1.34635 0 0 1.53033 1.44346 
152200 0.0865013 0.0971535 1.34161 0 0 1.52537 1.4387 
152400 0.0863004 0.0971317 1.33687 0 0 1.52041 1.43394 
152600 0.0860995 0.0971098 1.33213 0 0 1.51545 1.42918 
152800 0.0858986 0.097088 1.32739 0 0 1.5105 1.42442 
153000 0.0856977 0.0970662 1.32265 0 0 1.50554 1.41966 
153200 0.0854968 0.0970443 1.31792 0 0 1.50058 1.41489 
153400 0.0852959 0.0970225 1.31318 0 0 1.49563 1.41013 
153600 0.0851016 0.0970006 1.3087 0 0 1.49093 1.40564 
153800 0.0849072 0.0969788 1.30422 0 0 1.48624 1.40114 
154000 0.0847129 0.096957 1.29975 0 0 1.48154 1.39664 
154200 0.0845185 0.0969351 1.29527 0 0 1.47685 1.39214 
154400 0.0843242 0.0969133 1.29079 0 0 1.47215 1.38764 
154600 0.0841298 0.0968915 1.28632 0 0 1.46746 1.38314 
154800 0.0839355 0.0968696 1.28184 0 0 1.46276 1.37865 
155000 0.0837411 0.0968478 1.27736 0 0 1.45807 1.37415 
155200 0.0835468 0.0968259 1.27289 0 0 1.45337 1.36965 
155400 0.0833524 0.0968041 1.26841 0 0 1.44868 1.36515 
155600 0.0831581 0.0967823 1.26393 0 0 1.44398 1.36065 
155800 0.0829637 0.0967604 1.25946 0 0 1.43929 1.35615 
156000 0.0827694 0.0967386 1.25498 0 0 1.43459 1.35165 
156200 0.082575 0.0967168 1.2505 0 0 1.4299 1.34716 
156400 0.0823807 0.0966949 1.24603 0 0 1.4252 1.34266 
156600 0.0821951 0.0966709 1.24177 0 0 1.42073 1.33838 
156800 0.0820094 0.0966469 1.23751 0 0 1.41625 1.3341 
157000 0.0818238 0.0966229 1.23325 0 0 1.41177 1.32982 
157200 0.0816382 0.0965988 1.229 0 0 1.4073 1.32554 
157400 0.0814526 0.0965748 1.22474 0 0 1.40282 1.32126 
157600 0.081267 0.0965508 1.22048 0 0 1.39834 1.31698 
157800 0.0810814 0.0965268 1.21622 0 0 1.39387 1.3127 
158000 0.0808957 0.0965028 1.21196 0 0 1.38939 1.30842 
158200 0.0807101 0.0964787 1.2077 0 0 1.38491 1.30414 
158400 0.0805245 0.0964547 1.20345 0 0 1.38044 1.29986 
158600 0.0803389 0.0964307 1.19919 0 0 1.37596 1.29558 
158800 0.0801533 0.0964067 1.19493 0 0 1.37148 1.2913 
159000 0.0799677 0.0963827 1.19067 0 0 1.36701 1.28702 
159200 0.079782 0.0963586 1.18641 0 0 1.36253 1.28274 
159400 0.0795964 0.0963346 1.18215 0 0 1.35805 1.27846 
159600 0.079421 0.0963135 1.17824 0 0 1.35395 1.27453 
159800 0.0792456 0.0962923 1.17434 0 0 1.34985 1.27059 
160000 0.0790702 0.0962712 1.17043 0 0 1.34575 1.26666 
160200 0.0788948 0.0962501 1.16652 0 0 1.34165 1.26273 
160400 0.0787194 0.0962289 1.16261 0 0 1.33755 1.2588 
160600 0.078544 0.0962078 1.1587 0 0 1.33345 1.25487 
160800 0.0783686 0.0961867 1.15479 0 0 1.32935 1.25094 
161000 0.0781932 0.0961655 1.15088 0 0 1.32525 1.24701 
161200 0.0780178 0.0961444 1.14697 0 0 1.32115 1.24308 
161400 0.0778424 0.0961233 1.14306 0 0 1.31706 1.23915 
161600 0.077667 0.0961021 1.13915 0 0 1.31296 1.23522 
161800 0.0774916 0.096081 1.13524 0 0 1.30886 1.23129 
162000 0.0773162 0.0960599 1.13133 0 0 1.30476 1.22736 
162200 0.0771408 0.0960388 1.12742 0 0 1.30066 1.22343 
162400 0.0769654 0.0960176 1.12351 0 0 1.29656 1.2195 
162600 0.0767958 0.0959958 1.11976 0 0 1.29262 1.21573 
162800 0.076632 0.0959733 1.11618 0 0 1.28886 1.21213 
163000 0.0764683 0.0959508 1.1126 0 0 1.28509 1.20852 
163200 0.0763045 0.0959282 1.10902 0 0 1.28132 1.20492 
163400 0.0761407 0.0959057 1.10543 0 0 1.27756 1.20132 
163600 0.0759769 0.0958832 1.10185 0 0 1.27379 1.19771 
163800 0.0758131 0.0958607 1.09827 0 0 1.27002 1.19411 
164000 0.0756494 0.0958382 1.09469 0 0 1.26625 1.19051 
164200 0.0754856 0.0958156 1.0911 0 0 1.26249 1.1869 
164400 0.0753218 0.0957931 1.08752 0 0 1.25872 1.1833 
164600 0.075158 0.0957706 1.08394 0 0 1.25495 1.1797 
164800 0.0749943 0.0957481 1.08036 0 0 1.25119 1.17609 
165000 0.0748305 0.0957256 1.07677 0 0 1.24742 1.17249 
165200 0.0746667 0.095703 1.07319 0 0 1.24365 1.16889 
165400 0.0745029 0.0956805 1.06961 0 0 1.23989 1.16529 
165600 0.0743391 0.095658 1.06603 0 0 1.23612 1.16168 
165800 0.0741798 0.0956358 1.06259 0 0 1.23249 1.15822 
166000 0.074025 0.095614 1.05929 0 0 1.229 1.15491 
166200 0.0738701 0.0955921 1.056 0 0 1.2255 1.15159 
166400 0.0737153 0.0955703 1.0527 0 0 1.22201 1.14828 
166600 0.0735604 0.0955485 1.0494 0 0 1.21851 1.14496 
166800 0.0734056 0.0955266 1.04611 0 0 1.21502 1.14165 
167000 0.0732508 0.0955048 1.04281 0 0 1.21153 1.13833 
167200 0.0730959 0.095483 1.03952 0 0 1.20803 1.13502 
167400 0.0729411 0.0954611 1.03622 0 0 1.20454 1.1317 
167600 0.0727862 0.0954393 1.03293 0 0 1.20104 1.12839 
167800 0.0726314 0.0954174 1.02963 0 0 1.19755 1.12507 
168000 0.0724765 0.0953956 1.02634 0 0 1.19406 1.12175 
168200 0.0723217 0.0953738 1.02304 0 0 1.19056 1.11844 
168400 0.0721668 0.0953519 1.01975 0 0 1.18707 1.11512 
168600 0.072012 0.0953301 1.01645 0 0 1.18357 1.11181 
168800 0.0718571 0.0953083 1.01315 0 0 1.18008 1.10849 
169000 0.0717023 0.0952864 1.00986 0 0 1.17659 1.10518 
169200 0.0715534 0.0952626 1.00672 0 0 1.17329 1.10202 
169400 0.0714045 0.0952388 1.00359 0 0 1.17 1.09887 
169600 0.0712556 0.095215 1.00045 0 0 1.1667 1.09571 
169800 0.0711067 0.0951911 0.997313 0 0 1.1634 1.09255 
170000 0.0709578 0.0951673 0.994176 0 0 1.16011 1.0894 
170200 0.070809 0.0951435 0.99104 0 0 1.15681 1.08624 
170400 0.0706601 0.0951197 0.987903 0 0 1.15352 1.08308 
170600 0.0705112 0.0950959 0.984766 0 0 1.15022 1.07993 
170800 0.0703623 0.095072 0.98163 0 0 1.14693 1.07677 
171000 0.0702134 0.0950482 0.978493 0 0 1.14363 1.07361 
171200 0.0700645 0.0950244 0.975357 0 0 1.14034 1.07046 
171400 0.0699156 0.0950006 0.97222 0 0 1.13704 1.0673 
171600 0.0697667 0.0949767 0.969083 0 0 1.13375 1.06414 
171800 0.0696178 0.0949529 0.965947 0 0 1.13045 1.06099 
172000 0.069469 0.0949291 0.96281 0 0 1.12715 1.05783 
172200 0.0693201 0.0949053 0.959673 0 0 1.12386 1.05467 
172400 0.0691741 0.0948824 0.956616 0 0 1.12064 1.0516 
172600 0.0690312 0.0948606 0.953638 0 0 1.11751 1.0486 
172800 0.0688883 0.0948388 0.950661 0 0 1.11437 1.0456 
173000 0.0687453 0.0948169 0.947683 0 0 1.11123 1.04261 
173200 0.0686024 0.0947951 0.944705 0 0 1.1081 1.03961 
173400 0.0684595 0.0947732 0.941727 0 0 1.10496 1.03661 
173600 0.0683165 0.0947514 0.93875 0 0 1.10182 1.03361 
173800 0.0681736 0.0947296 0.935772 0 0 1.09869 1.03061 
174000 0.0680307 0.0947077 0.932794 0 0 1.09555 1.02762 
174200 0.0678877 0.0946859 0.929816 0 0 1.09241 1.02462 
174400 0.0677448 0.0946641 0.926838 0 0 1.08928 1.02162 
174600 0.0676019 0.0946422 0.92386 0 0 1.08614 1.01862 
174800 0.0674589 0.0946204 0.920883 0 0 1.083 1.01563 
175000 0.067316 0.0945986 0.917905 0 0 1.07987 1.01263 
175200 0.0671731 0.0945767 0.914927 0 0 1.07673 1.00963 
175400 0.0670301 0.0945549 0.911949 0 0 1.07359 1.00663 
175600 0.0668872 0.094533 0.908972 0 0 1.07046 1.00364 
175800 0.0667562 0.0945106 0.906332 0 0 1.06765 1.00096 
176000 0.0666252 0.0944881 0.903693 0 0 1.06484 0.998282 
176200 0.0664941 0.0944657 0.901054 0 0 1.06203 0.995606 
176400 0.0663631 0.0944432 0.898415 0 0 1.05923 0.992929 
176600 0.0662321 0.0944207 0.895776 0 0 1.05642 0.990253 
176800 0.0661011 0.0943983 0.893137 0 0 1.05361 0.987576 
177000 0.06597 0.0943758 0.890497 0 0 1.0508 0.984899 
177200 0.065839 0.0943534 0.887858 0 0 1.048 0.982223 
177400 0.065708 0.0943309 0.885219 0 0 1.04519 0.979546 
177600 0.065577 0.0943084 0.88258 0 0 1.04238 0.97687 
177800 0.065446 0.094286 0.879941 0 0 1.03957 0.974193 
178000 0.0653149 0.0942635 0.877301 0 0 1.03677 0.971516 
178200 0.0651839 0.094241 0.874662 0 0 1.03396 0.96884 
178400 0.0650529 0.0942186 0.872023 0 0 1.03115 0.966163 
178600 0.0649219 0.0941961 0.869384 0 0 1.02834 0.963486 
178800 0.0647908 0.0941737 0.866745 0 0 1.02554 0.96081 
179000 0.0646598 0.0941512 0.864106 0 0 1.02273 0.958133 
179200 0.0645307 0.0941288 0.861523 0 0 1.01999 0.955522 
179400 0.0644034 0.0941063 0.858996 0 0 1.01734 0.952977 
179600 0.0642761 0.0940838 0.856469 0 0 1.01468 0.950431 
179800 0.0641488 0.0940614 0.853942 0 0 1.01202 0.947885 
180000 0.0640216 0.0940389 0.851415 0 0 1.00936 0.94534 
180200 0.0638943 0.0940164 0.848888 0 0 1.00671 0.942794 
180400 0.063767 0.093994 0.846361 0 0 1.00405 0.940249 
180600 0.0636397 0.0939715 0.843834 0 0 1.00139 0.937703 
180800 0.0635124 0.0939491 0.841308 0 0 0.998732 0.935157 
181000 0.0633852 0.0939266 0.838781 0 0 0.996074 0.932612 
181200 0.0632579 0.0939041 0.836254 0 0 0.993416 0.930066 
181400 0.0631306 0.0938817 0.833727 0 0 0.990758 0.927521 
181600 0.0630033 0.0938592 0.8312 0 0 0.9881 0.924975 
181800 0.062876 0.0938367 0.828673 0 0 0.985442 0.92243 
182000 0.0627488 0.0938143 0.826146 0 0 0.982784 0.919884 
182200 0.0626215 0.0937918 0.823619 0 0 0.980126 0.917338 
182400 0.0624942 0.0937694 0.821093 0 0 0.977469 0.914793 
182600 0.0623669 0.0937469 0.818566 0 0 0.974811 0.912247 
182800 0.0622452 0.0937244 0.81617 0 0 0.972265 0.909833 
183000 0.0621236 0.093702 0.813774 0 0 0.969719 0.907418 
183200 0.0620019 0.0936795 0.811378 0 0 0.967174 0.905003 
183400 0.0618803 0.0936571 0.808982 0 0 0.964628 0.902589 
183600 0.0617586 0.0936346 0.806587 0 0 0.962083 0.900174 
183800 0.0616369 0.0936121 0.804191 0 0 0.959537 0.89776 
184000 0.0615153 0.0935897 0.801795 0 0 0.956991 0.895345 
184200 0.0613936 0.0935672 0.799399 0 0 0.954446 0.892931 
184400 0.0612719 0.0935448 0.797003 0 0 0.9519 0.890516 
184600 0.0611503 0.0935223 0.794607 0 0 0.949355 0.888102 
184800 0.0610286 0.0934998 0.792211 0 0 0.946809 0.885687 
185000 0.0609069 0.0934774 0.789816 0 0 0.944264 0.883272 
185200 0.0607853 0.0934549 0.78742 0 0 0.941718 0.880858 
185400 0.0606636 0.0934324 0.785024 0 0 0.939172 0.878443 
185600 0.060542 0.09341 0.782628 0 0 0.936627 0.876029 
185800 0.0604203 0.0933875 0.780232 0 0 0.934081 0.873614 
186000 0.0602986 0.0933651 0.777836 0 0 0.931536 0.8712 
186200 0.060182 0.0933432 0.775567 0 0 0.92913 0.868912 
186400 0.0600705 0.093322 0.773425 0 0 0.926863 0.866752 
186600 0.0599589 0.0933007 0.771282 0 0 0.924597 0.864592 
186800 0.0598474 0.0932795 0.76914 0 0 0.922331 0.862432 
187000 0.0597358 0.0932582 0.766998 0 0 0.920064 0.860272 
187200 0.0596243 0.093237 0.764855 0 0 0.917798 0.858112 
187400 0.0595127 0.0932157 0.762713 0 0 0.915532 0.855952 
187600 0.0594012 0.0931945 0.76057 0 0 0.913265 0.853791 
187800 0.0592896 0.0931732 0.758428 0 0 0.910999 0.851631 
188000 0.0591781 0.093152 0.756286 0 0 0.908733 0.849471 
188200 0.0590666 0.0931307 0.754143 0 0 0.906466 0.847311 
188400 0.058955 0.0931095 0.752001 0 0 0.9042 0.845151 
188600 0.0588435 0.0930882 0.749858 0 0 0.901933 0.842991 
188800 0.0587319 0.093067 0.747716 0 0 0.899667 0.840831 
189000 0.0586204 0.0930458 0.745574 0 0 0.897401 0.838671 
189200 0.0585088 0.0930245 0.743431 0 0 0.895134 0.836511 
189400 0.0583973 0.0930033 0.741289 0 0 0.892868 0.83435 
189600 0.0582857 0.092982 0.739146 0 0 0.890602 0.83219 
189800 0.0581742 0.0929608 0.737004 0 0 0.888336 0.83003 
190000 0.0580662 0.0929395 0.734986 0 0 0.886175 0.827976 
190200 0.0579582 0.0929183 0.732967 0 0 0.884015 0.825923 
190400 0.0578502 0.092897 0.730949 0 0 0.881855 0.823869 
190600 0.0577422 0.0928758 0.72893 0 0 0.879695 0.821815 
190800 0.0576342 0.0928545 0.726912 0 0 0.877535 0.819761 
191000 0.0575261 0.0928333 0.724893 0 0 0.875375 0.817707 
191200 0.0574181 0.092812 0.722875 0 0 0.873215 0.815653 
191400 0.0573101 0.0927908 0.720856 0 0 0.871055 0.813599 
191600 0.0572021 0.0927695 0.718838 0 0 0.868894 0.811545 
191800 0.0570941 0.0927483 0.716819 0 0 0.866734 0.809492 
192000 0.0569861 0.0927271 0.714801 0 0 0.864574 0.807438 
192200 0.0568781 0.0927058 0.712782 0 0 0.862414 0.805384 
192400 0.0567701 0.0926846 0.710764 0 0 0.860254 0.80333 
192600 0.0566621 0.0926633 0.708746 0 0 0.858094 0.801276 
192800 0.0565541 0.0926421 0.706727 0 0 0.855934 0.799222 
193000 0.0564461 0.0926208 0.704709 0 0 0.853774 0.797168 
193200 0.0563381 0.0925996 0.70269 0 0 0.851614 0.795114 
193400 0.0562301 0.0925783 0.700672 0 0 0.849454 0.793061 
193600 0.0561252 0.0925565 0.698723 0 0 0.847374 0.791085 
193800 0.0560235 0.0925341 0.696844 0 0 0.845374 0.789189 
194000 0.0559218 0.0925117 0.694965 0 0 0.843374 0.787293 
194200 0.0558201 0.0924893 0.693085 0 0 0.841374 0.785396 
194400 0.0557184 0.0924668 0.691206 0 0 0.839374 0.7835 
194600 0.0556166 0.0924444 0.689327 0 0 0.837374 0.781603 
194800 0.0555149 0.092422 0.687448 0 0 0.835375 0.779707 
195000 0.0554132 0.0923996 0.685569 0 0 0.833375 0.777811 
195200 0.0553115 0.0923772 0.68369 0 0 0.831375 0.775914 
195400 0.0552098 0.0923548 0.681811 0 0 0.829375 0.774018 
195600 0.0551081 0.0923324 0.679931 0 0 0.827375 0.772122 
195800 0.0550064 0.09231 0.678052 0 0 0.825375 0.770225 
196000 0.0549046 0.0922875 0.676173 0 0 0.823376 0.768329 
196200 0.0548029 0.0922651 0.674294 0 0 0.821376 0.766432 
196400 0.0547012 0.0922427 0.672415 0 0 0.819376 0.764536 
196600 0.0545995 0.0922203 0.670536 0 0 0.817376 0.76264 
196800 0.0544978 0.0921979 0.668657 0 0 0.815376 0.760743 
197000 0.0543961 0.0921755 0.666777 0 0 0.813377 0.758847 
197200 0.0542944 0.0921531 0.664898 0 0 0.811377 0.75695 
197400 0.0541938 0.092131 0.663061 0 0 0.809418 0.755092 
197600 0.0540943 0.0921091 0.661265 0 0 0.807502 0.753273 
197800 0.0539948 0.0920873 0.65947 0 0 0.805585 0.751453 
198000 0.0538953 0.0920654 0.657674 0 0 0.803668 0.749633 
198200 0.0537958 0.0920436 0.655879 0 0 0.801751 0.747813 
198400 0.0536964 0.0920218 0.654083 0 0 0.799834 0.745994 
198600 0.0535969 0.0919999 0.652288 0 0 0.797918 0.744174 
198800 0.0534974 0.0919781 0.650492 0 0 0.796001 0.742354 
199000 0.0533979 0.0919563 0.648697 0 0 0.794084 0.740534 
199200 0.0532984 0.0919344 0.646901 0 0 0.792167 0.738715 
199400 0.053199 0.0919126 0.645106 0 0 0.79025 0.736895 
199600 0.0530995 0.0918907 0.64331 0 0 0.788333 0.735075 
199800 0.053 0.0918689 0.641515 0 0 0.786417 0.733255 
200000 0.0529005 0.0918471 0.639719 0 0 0.7845 0.731436 
